1999-12-15 00:00:00	20	2
-0.0	286.170
-5.0	287.587
-10.0	282.545
-15.0	287.357
-20.0	286.791
-25.0	285.540
-30.0	284.943
-35.0	279.768
-40.0	277.795
-45.0	276.453
-50.0	267.353
-55.0	270.320
-60.0	267.155
-65.0	276.486
-70.0	273.258
-75.0	269.549
-80.0	263.741
-85.0	266.728
-90.0	270.641
-12000	270.641
2000-01-15 00:00:00	20	2
-0.0	298.440
-5.0	298.576
-10.0	297.811
-15.0	296.177
-20.0	295.381
-25.0	295.505
-30.0	295.624
-35.0	297.091
-40.0	297.771
-45.0	298.591
-50.0	298.104
-55.0	299.385
-60.0	297.507
-65.0	299.426
-70.0	297.858
-75.0	290.815
-80.0	287.722
-85.0	284.942
-90.0	287.999
-12000	287.999
2000-02-15 00:00:00	20	2
-0.0	304.286
-5.0	301.513
-10.0	301.362
-15.0	300.257
-20.0	298.286
-25.0	297.572
-30.0	296.505
-35.0	300.716
-40.0	301.177
-45.0	301.219
-50.0	300.125
-55.0	299.055
-60.0	300.721
-65.0	297.528
-70.0	299.900
-75.0	297.310
-80.0	294.194
-85.0	293.648
-90.0	296.292
-12000	296.292
2000-03-15 00:00:00	20	2
-0.0	313.728
-5.0	313.653
-10.0	311.921
-15.0	312.256
-20.0	312.218
-25.0	310.736
-30.0	308.445
-35.0	312.117
-40.0	314.898
-45.0	311.105
-50.0	310.269
-55.0	312.063
-60.0	314.295
-65.0	312.417
-70.0	312.670
-75.0	315.993
-80.0	316.712
-85.0	316.112
-90.0	318.020
-12000	318.020
2000-04-15 00:00:00	20	2
-0.0	324.227
-5.0	327.214
-10.0	326.258
-15.0	324.626
-20.0	322.474
-25.0	319.950
-30.0	318.260
-35.0	317.190
-40.0	317.472
-45.0	316.456
-50.0	314.133
-55.0	311.677
-60.0	311.376
-65.0	311.370
-70.0	310.126
-75.0	307.921
-80.0	307.208
-85.0	303.014
-90.0	303.636
-12000	303.636
2000-05-15 00:00:00	20	2
-0.0	309.389
-5.0	310.926
-10.0	311.851
-15.0	312.124
-20.0	311.884
-25.0	310.870
-30.0	307.922
-35.0	302.964
-40.0	300.626
-45.0	298.478
-50.0	292.418
-55.0	290.081
-60.0	290.305
-65.0	288.913
-70.0	286.546
-75.0	281.124
-80.0	282.140
-85.0	274.905
-90.0	279.182
-12000	279.182
2000-06-15 00:00:00	20	2
-0.0	289.988
-5.0	292.213
-10.0	291.909
-15.0	292.627
-20.0	291.340
-25.0	292.675
-30.0	291.947
-35.0	290.188
-40.0	288.310
-45.0	286.961
-50.0	284.967
-55.0	288.260
-60.0	289.862
-65.0	289.572
-70.0	288.234
-75.0	284.780
-80.0	281.972
-85.0	278.736
-90.0	277.391
-12000	277.391
2000-07-15 00:00:00	20	2
-0.0	268.478
-5.0	267.292
-10.0	268.997
-15.0	271.797
-20.0	275.121
-25.0	274.225
-30.0	275.688
-35.0	283.642
-40.0	279.010
-45.0	274.065
-50.0	271.442
-55.0	271.177
-60.0	275.847
-65.0	276.764
-70.0	275.666
-75.0	279.107
-80.0	277.378
-85.0	273.178
-90.0	276.183
-12000	276.183
2000-08-15 00:00:00	20	2
-0.0	256.791
-5.0	254.968
-10.0	255.341
-15.0	254.968
-20.0	255.295
-25.0	253.314
-30.0	251.525
-35.0	250.480
-40.0	247.280
-45.0	245.482
-50.0	243.104
-55.0	243.889
-60.0	252.054
-65.0	254.461
-70.0	254.619
-75.0	252.400
-80.0	251.720
-85.0	251.507
-90.0	257.306
-12000	257.306
2000-09-15 00:00:00	20	2
-0.0	257.631
-5.0	256.105
-10.0	256.819
-15.0	255.600
-20.0	255.212
-25.0	253.728
-30.0	251.711
-35.0	252.163
-40.0	245.052
-45.0	241.650
-50.0	239.194
-55.0	241.295
-60.0	243.302
-65.0	250.084
-70.0	249.203
-75.0	248.990
-80.0	251.316
-85.0	251.368
-90.0	256.056
-12000	256.056
2000-10-15 00:00:00	20	2
-0.0	261.676
-5.0	258.513
-10.0	258.093
-15.0	257.601
-20.0	258.766
-25.0	256.627
-30.0	255.768
-35.0	251.602
-40.0	245.061
-45.0	240.385
-50.0	235.334
-55.0	237.341
-60.0	237.572
-65.0	237.245
-70.0	233.686
-75.0	234.847
-80.0	232.044
-85.0	229.133
-90.0	235.440
-12000	235.440
2000-11-15 00:00:00	20	2
-0.0	274.930
-5.0	277.379
-10.0	276.410
-15.0	276.308
-20.0	275.267
-25.0	274.031
-30.0	273.051
-35.0	268.282
-40.0	267.299
-45.0	264.346
-50.0	256.639
-55.0	260.395
-60.0	255.166
-65.0	255.517
-70.0	236.987
-75.0	239.612
-80.0	240.251
-85.0	240.426
-90.0	253.531
-12000	253.531
2000-12-15 00:00:00	20	2
-0.0	286.170
-5.0	287.587
-10.0	282.545
-15.0	287.357
-20.0	286.791
-25.0	285.540
-30.0	284.943
-35.0	279.768
-40.0	277.795
-45.0	276.453
-50.0	267.353
-55.0	270.320
-60.0	267.155
-65.0	276.486
-70.0	273.258
-75.0	269.549
-80.0	263.741
-85.0	266.728
-90.0	270.641
-12000	270.641
2001-01-15 00:00:00	20	2
-0.0	298.440
-5.0	298.576
-10.0	297.811
-15.0	296.177
-20.0	295.381
-25.0	295.505
-30.0	295.624
-35.0	297.091
-40.0	297.771
-45.0	298.591
-50.0	298.104
-55.0	299.385
-60.0	297.507
-65.0	299.426
-70.0	297.858
-75.0	290.815
-80.0	287.722
-85.0	284.942
-90.0	287.999
-12000	287.999
2001-02-15 00:00:00	20	2
-0.0	304.286
-5.0	301.513
-10.0	301.362
-15.0	300.257
-20.0	298.286
-25.0	297.572
-30.0	296.505
-35.0	300.716
-40.0	301.177
-45.0	301.219
-50.0	300.125
-55.0	299.055
-60.0	300.721
-65.0	297.528
-70.0	299.900
-75.0	297.310
-80.0	294.194
-85.0	293.648
-90.0	296.292
-12000	296.292
2001-03-15 00:00:00	20	2
-0.0	313.728
-5.0	313.653
-10.0	311.921
-15.0	312.256
-20.0	312.218
-25.0	310.736
-30.0	308.445
-35.0	312.117
-40.0	314.898
-45.0	311.105
-50.0	310.269
-55.0	312.063
-60.0	314.295
-65.0	312.417
-70.0	312.670
-75.0	315.993
-80.0	316.712
-85.0	316.112
-90.0	318.020
-12000	318.020
2001-04-15 00:00:00	20	2
-0.0	324.227
-5.0	327.214
-10.0	326.258
-15.0	324.626
-20.0	322.474
-25.0	319.950
-30.0	318.260
-35.0	317.190
-40.0	317.472
-45.0	316.456
-50.0	314.133
-55.0	311.677
-60.0	311.376
-65.0	311.370
-70.0	310.126
-75.0	307.921
-80.0	307.208
-85.0	303.014
-90.0	303.636
-12000	303.636
2001-05-15 00:00:00	20	2
-0.0	309.389
-5.0	310.926
-10.0	311.851
-15.0	312.124
-20.0	311.884
-25.0	310.870
-30.0	307.922
-35.0	302.964
-40.0	300.626
-45.0	298.478
-50.0	292.418
-55.0	290.081
-60.0	290.305
-65.0	288.913
-70.0	286.546
-75.0	281.124
-80.0	282.140
-85.0	274.905
-90.0	279.182
-12000	279.182
2001-06-15 00:00:00	20	2
-0.0	289.988
-5.0	292.213
-10.0	291.909
-15.0	292.627
-20.0	291.340
-25.0	292.675
-30.0	291.947
-35.0	290.188
-40.0	288.310
-45.0	286.961
-50.0	284.967
-55.0	288.260
-60.0	289.862
-65.0	289.572
-70.0	288.234
-75.0	284.780
-80.0	281.972
-85.0	278.736
-90.0	277.391
-12000	277.391
2001-07-15 00:00:00	20	2
-0.0	268.478
-5.0	267.292
-10.0	268.997
-15.0	271.797
-20.0	275.121
-25.0	274.225
-30.0	275.688
-35.0	283.642
-40.0	279.010
-45.0	274.065
-50.0	271.442
-55.0	271.177
-60.0	275.847
-65.0	276.764
-70.0	275.666
-75.0	279.107
-80.0	277.378
-85.0	273.178
-90.0	276.183
-12000	276.183
2001-08-15 00:00:00	20	2
-0.0	256.791
-5.0	254.968
-10.0	255.341
-15.0	254.968
-20.0	255.295
-25.0	253.314
-30.0	251.525
-35.0	250.480
-40.0	247.280
-45.0	245.482
-50.0	243.104
-55.0	243.889
-60.0	252.054
-65.0	254.461
-70.0	254.619
-75.0	252.400
-80.0	251.720
-85.0	251.507
-90.0	257.306
-12000	257.306
2001-09-15 00:00:00	20	2
-0.0	257.631
-5.0	256.105
-10.0	256.819
-15.0	255.600
-20.0	255.212
-25.0	253.728
-30.0	251.711
-35.0	252.163
-40.0	245.052
-45.0	241.650
-50.0	239.194
-55.0	241.295
-60.0	243.302
-65.0	250.084
-70.0	249.203
-75.0	248.990
-80.0	251.316
-85.0	251.368
-90.0	256.056
-12000	256.056
2001-10-15 00:00:00	20	2
-0.0	261.676
-5.0	258.513
-10.0	258.093
-15.0	257.601
-20.0	258.766
-25.0	256.627
-30.0	255.768
-35.0	251.602
-40.0	245.061
-45.0	240.385
-50.0	235.334
-55.0	237.341
-60.0	237.572
-65.0	237.245
-70.0	233.686
-75.0	234.847
-80.0	232.044
-85.0	229.133
-90.0	235.440
-12000	235.440
2001-11-15 00:00:00	20	2
-0.0	274.930
-5.0	277.379
-10.0	276.410
-15.0	276.308
-20.0	275.267
-25.0	274.031
-30.0	273.051
-35.0	268.282
-40.0	267.299
-45.0	264.346
-50.0	256.639
-55.0	260.395
-60.0	255.166
-65.0	255.517
-70.0	236.987
-75.0	239.612
-80.0	240.251
-85.0	240.426
-90.0	253.531
-12000	253.531
2001-12-15 00:00:00	20	2
-0.0	286.170
-5.0	287.587
-10.0	282.545
-15.0	287.357
-20.0	286.791
-25.0	285.540
-30.0	284.943
-35.0	279.768
-40.0	277.795
-45.0	276.453
-50.0	267.353
-55.0	270.320
-60.0	267.155
-65.0	276.486
-70.0	273.258
-75.0	269.549
-80.0	263.741
-85.0	266.728
-90.0	270.641
-12000	270.641
2002-01-15 00:00:00	20	2
-0.0	298.440
-5.0	298.576
-10.0	297.811
-15.0	296.177
-20.0	295.381
-25.0	295.505
-30.0	295.624
-35.0	297.091
-40.0	297.771
-45.0	298.591
-50.0	298.104
-55.0	299.385
-60.0	297.507
-65.0	299.426
-70.0	297.858
-75.0	290.815
-80.0	287.722
-85.0	284.942
-90.0	287.999
-12000	287.999
2002-02-15 00:00:00	20	2
-0.0	304.286
-5.0	301.513
-10.0	301.362
-15.0	300.257
-20.0	298.286
-25.0	297.572
-30.0	296.505
-35.0	300.716
-40.0	301.177
-45.0	301.219
-50.0	300.125
-55.0	299.055
-60.0	300.721
-65.0	297.528
-70.0	299.900
-75.0	297.310
-80.0	294.194
-85.0	293.648
-90.0	296.292
-12000	296.292
2002-03-15 00:00:00	20	2
-0.0	313.728
-5.0	313.653
-10.0	311.921
-15.0	312.256
-20.0	312.218
-25.0	310.736
-30.0	308.445
-35.0	312.117
-40.0	314.898
-45.0	311.105
-50.0	310.269
-55.0	312.063
-60.0	314.295
-65.0	312.417
-70.0	312.670
-75.0	315.993
-80.0	316.712
-85.0	316.112
-90.0	318.020
-12000	318.020
2002-04-15 00:00:00	20	2
-0.0	324.227
-5.0	327.214
-10.0	326.258
-15.0	324.626
-20.0	322.474
-25.0	319.950
-30.0	318.260
-35.0	317.190
-40.0	317.472
-45.0	316.456
-50.0	314.133
-55.0	311.677
-60.0	311.376
-65.0	311.370
-70.0	310.126
-75.0	307.921
-80.0	307.208
-85.0	303.014
-90.0	303.636
-12000	303.636
2002-05-15 00:00:00	20	2
-0.0	309.389
-5.0	310.926
-10.0	311.851
-15.0	312.124
-20.0	311.884
-25.0	310.870
-30.0	307.922
-35.0	302.964
-40.0	300.626
-45.0	298.478
-50.0	292.418
-55.0	290.081
-60.0	290.305
-65.0	288.913
-70.0	286.546
-75.0	281.124
-80.0	282.140
-85.0	274.905
-90.0	279.182
-12000	279.182
2002-06-15 00:00:00	20	2
-0.0	289.988
-5.0	292.213
-10.0	291.909
-15.0	292.627
-20.0	291.340
-25.0	292.675
-30.0	291.947
-35.0	290.188
-40.0	288.310
-45.0	286.961
-50.0	284.967
-55.0	288.260
-60.0	289.862
-65.0	289.572
-70.0	288.234
-75.0	284.780
-80.0	281.972
-85.0	278.736
-90.0	277.391
-12000	277.391
2002-07-15 00:00:00	20	2
-0.0	268.478
-5.0	267.292
-10.0	268.997
-15.0	271.797
-20.0	275.121
-25.0	274.225
-30.0	275.688
-35.0	283.642
-40.0	279.010
-45.0	274.065
-50.0	271.442
-55.0	271.177
-60.0	275.847
-65.0	276.764
-70.0	275.666
-75.0	279.107
-80.0	277.378
-85.0	273.178
-90.0	276.183
-12000	276.183
2002-08-15 00:00:00	20	2
-0.0	256.791
-5.0	254.968
-10.0	255.341
-15.0	254.968
-20.0	255.295
-25.0	253.314
-30.0	251.525
-35.0	250.480
-40.0	247.280
-45.0	245.482
-50.0	243.104
-55.0	243.889
-60.0	252.054
-65.0	254.461
-70.0	254.619
-75.0	252.400
-80.0	251.720
-85.0	251.507
-90.0	257.306
-12000	257.306
2002-09-15 00:00:00	20	2
-0.0	257.631
-5.0	256.105
-10.0	256.819
-15.0	255.600
-20.0	255.212
-25.0	253.728
-30.0	251.711
-35.0	252.163
-40.0	245.052
-45.0	241.650
-50.0	239.194
-55.0	241.295
-60.0	243.302
-65.0	250.084
-70.0	249.203
-75.0	248.990
-80.0	251.316
-85.0	251.368
-90.0	256.056
-12000	256.056
2002-10-15 00:00:00	20	2
-0.0	261.676
-5.0	258.513
-10.0	258.093
-15.0	257.601
-20.0	258.766
-25.0	256.627
-30.0	255.768
-35.0	251.602
-40.0	245.061
-45.0	240.385
-50.0	235.334
-55.0	237.341
-60.0	237.572
-65.0	237.245
-70.0	233.686
-75.0	234.847
-80.0	232.044
-85.0	229.133
-90.0	235.440
-12000	235.440
2002-11-15 00:00:00	20	2
-0.0	274.930
-5.0	277.379
-10.0	276.410
-15.0	276.308
-20.0	275.267
-25.0	274.031
-30.0	273.051
-35.0	268.282
-40.0	267.299
-45.0	264.346
-50.0	256.639
-55.0	260.395
-60.0	255.166
-65.0	255.517
-70.0	236.987
-75.0	239.612
-80.0	240.251
-85.0	240.426
-90.0	253.531
-12000	253.531
2002-12-15 00:00:00	20	2
-0.0	286.170
-5.0	287.587
-10.0	282.545
-15.0	287.357
-20.0	286.791
-25.0	285.540
-30.0	284.943
-35.0	279.768
-40.0	277.795
-45.0	276.453
-50.0	267.353
-55.0	270.320
-60.0	267.155
-65.0	276.486
-70.0	273.258
-75.0	269.549
-80.0	263.741
-85.0	266.728
-90.0	270.641
-12000	270.641
2003-01-15 00:00:00	20	2
-0.0	298.440
-5.0	298.576
-10.0	297.811
-15.0	296.177
-20.0	295.381
-25.0	295.505
-30.0	295.624
-35.0	297.091
-40.0	297.771
-45.0	298.591
-50.0	298.104
-55.0	299.385
-60.0	297.507
-65.0	299.426
-70.0	297.858
-75.0	290.815
-80.0	287.722
-85.0	284.942
-90.0	287.999
-12000	287.999
2003-02-15 00:00:00	20	2
-0.0	304.286
-5.0	301.513
-10.0	301.362
-15.0	300.257
-20.0	298.286
-25.0	297.572
-30.0	296.505
-35.0	300.716
-40.0	301.177
-45.0	301.219
-50.0	300.125
-55.0	299.055
-60.0	300.721
-65.0	297.528
-70.0	299.900
-75.0	297.310
-80.0	294.194
-85.0	293.648
-90.0	296.292
-12000	296.292
2003-03-15 00:00:00	20	2
-0.0	313.728
-5.0	313.653
-10.0	311.921
-15.0	312.256
-20.0	312.218
-25.0	310.736
-30.0	308.445
-35.0	312.117
-40.0	314.898
-45.0	311.105
-50.0	310.269
-55.0	312.063
-60.0	314.295
-65.0	312.417
-70.0	312.670
-75.0	315.993
-80.0	316.712
-85.0	316.112
-90.0	318.020
-12000	318.020
2003-04-15 00:00:00	20	2
-0.0	324.227
-5.0	327.214
-10.0	326.258
-15.0	324.626
-20.0	322.474
-25.0	319.950
-30.0	318.260
-35.0	317.190
-40.0	317.472
-45.0	316.456
-50.0	314.133
-55.0	311.677
-60.0	311.376
-65.0	311.370
-70.0	310.126
-75.0	307.921
-80.0	307.208
-85.0	303.014
-90.0	303.636
-12000	303.636
2003-05-15 00:00:00	20	2
-0.0	309.389
-5.0	310.926
-10.0	311.851
-15.0	312.124
-20.0	311.884
-25.0	310.870
-30.0	307.922
-35.0	302.964
-40.0	300.626
-45.0	298.478
-50.0	292.418
-55.0	290.081
-60.0	290.305
-65.0	288.913
-70.0	286.546
-75.0	281.124
-80.0	282.140
-85.0	274.905
-90.0	279.182
-12000	279.182
2003-06-15 00:00:00	20	2
-0.0	289.988
-5.0	292.213
-10.0	291.909
-15.0	292.627
-20.0	291.340
-25.0	292.675
-30.0	291.947
-35.0	290.188
-40.0	288.310
-45.0	286.961
-50.0	284.967
-55.0	288.260
-60.0	289.862
-65.0	289.572
-70.0	288.234
-75.0	284.780
-80.0	281.972
-85.0	278.736
-90.0	277.391
-12000	277.391
2003-07-15 00:00:00	20	2
-0.0	268.478
-5.0	267.292
-10.0	268.997
-15.0	271.797
-20.0	275.121
-25.0	274.225
-30.0	275.688
-35.0	283.642
-40.0	279.010
-45.0	274.065
-50.0	271.442
-55.0	271.177
-60.0	275.847
-65.0	276.764
-70.0	275.666
-75.0	279.107
-80.0	277.378
-85.0	273.178
-90.0	276.183
-12000	276.183
2003-08-15 00:00:00	20	2
-0.0	256.791
-5.0	254.968
-10.0	255.341
-15.0	254.968
-20.0	255.295
-25.0	253.314
-30.0	251.525
-35.0	250.480
-40.0	247.280
-45.0	245.482
-50.0	243.104
-55.0	243.889
-60.0	252.054
-65.0	254.461
-70.0	254.619
-75.0	252.400
-80.0	251.720
-85.0	251.507
-90.0	257.306
-12000	257.306
2003-09-15 00:00:00	20	2
-0.0	257.631
-5.0	256.105
-10.0	256.819
-15.0	255.600
-20.0	255.212
-25.0	253.728
-30.0	251.711
-35.0	252.163
-40.0	245.052
-45.0	241.650
-50.0	239.194
-55.0	241.295
-60.0	243.302
-65.0	250.084
-70.0	249.203
-75.0	248.990
-80.0	251.316
-85.0	251.368
-90.0	256.056
-12000	256.056
2003-10-15 00:00:00	20	2
-0.0	261.676
-5.0	258.513
-10.0	258.093
-15.0	257.601
-20.0	258.766
-25.0	256.627
-30.0	255.768
-35.0	251.602
-40.0	245.061
-45.0	240.385
-50.0	235.334
-55.0	237.341
-60.0	237.572
-65.0	237.245
-70.0	233.686
-75.0	234.847
-80.0	232.044
-85.0	229.133
-90.0	235.440
-12000	235.440
2003-11-15 00:00:00	20	2
-0.0	274.930
-5.0	277.379
-10.0	276.410
-15.0	276.308
-20.0	275.267
-25.0	274.031
-30.0	273.051
-35.0	268.282
-40.0	267.299
-45.0	264.346
-50.0	256.639
-55.0	260.395
-60.0	255.166
-65.0	255.517
-70.0	236.987
-75.0	239.612
-80.0	240.251
-85.0	240.426
-90.0	253.531
-12000	253.531
2003-12-15 00:00:00	20	2
-0.0	286.170
-5.0	287.587
-10.0	282.545
-15.0	287.357
-20.0	286.791
-25.0	285.540
-30.0	284.943
-35.0	279.768
-40.0	277.795
-45.0	276.453
-50.0	267.353
-55.0	270.320
-60.0	267.155
-65.0	276.486
-70.0	273.258
-75.0	269.549
-80.0	263.741
-85.0	266.728
-90.0	270.641
-12000	270.641
2004-01-15 00:00:00	20	2
-0.0	298.440
-5.0	298.576
-10.0	297.811
-15.0	296.177
-20.0	295.381
-25.0	295.505
-30.0	295.624
-35.0	297.091
-40.0	297.771
-45.0	298.591
-50.0	298.104
-55.0	299.385
-60.0	297.507
-65.0	299.426
-70.0	297.858
-75.0	290.815
-80.0	287.722
-85.0	284.942
-90.0	287.999
-12000	287.999
2004-02-15 00:00:00	20	2
-0.0	304.286
-5.0	301.513
-10.0	301.362
-15.0	300.257
-20.0	298.286
-25.0	297.572
-30.0	296.505
-35.0	300.716
-40.0	301.177
-45.0	301.219
-50.0	300.125
-55.0	299.055
-60.0	300.721
-65.0	297.528
-70.0	299.900
-75.0	297.310
-80.0	294.194
-85.0	293.648
-90.0	296.292
-12000	296.292
2004-03-15 00:00:00	20	2
-0.0	313.728
-5.0	313.653
-10.0	311.921
-15.0	312.256
-20.0	312.218
-25.0	310.736
-30.0	308.445
-35.0	312.117
-40.0	314.898
-45.0	311.105
-50.0	310.269
-55.0	312.063
-60.0	314.295
-65.0	312.417
-70.0	312.670
-75.0	315.993
-80.0	316.712
-85.0	316.112
-90.0	318.020
-12000	318.020
2004-04-15 00:00:00	20	2
-0.0	324.227
-5.0	327.214
-10.0	326.258
-15.0	324.626
-20.0	322.474
-25.0	319.950
-30.0	318.260
-35.0	317.190
-40.0	317.472
-45.0	316.456
-50.0	314.133
-55.0	311.677
-60.0	311.376
-65.0	311.370
-70.0	310.126
-75.0	307.921
-80.0	307.208
-85.0	303.014
-90.0	303.636
-12000	303.636
2004-05-15 00:00:00	20	2
-0.0	309.389
-5.0	310.926
-10.0	311.851
-15.0	312.124
-20.0	311.884
-25.0	310.870
-30.0	307.922
-35.0	302.964
-40.0	300.626
-45.0	298.478
-50.0	292.418
-55.0	290.081
-60.0	290.305
-65.0	288.913
-70.0	286.546
-75.0	281.124
-80.0	282.140
-85.0	274.905
-90.0	279.182
-12000	279.182
2004-06-15 00:00:00	20	2
-0.0	289.988
-5.0	292.213
-10.0	291.909
-15.0	292.627
-20.0	291.340
-25.0	292.675
-30.0	291.947
-35.0	290.188
-40.0	288.310
-45.0	286.961
-50.0	284.967
-55.0	288.260
-60.0	289.862
-65.0	289.572
-70.0	288.234
-75.0	284.780
-80.0	281.972
-85.0	278.736
-90.0	277.391
-12000	277.391
2004-07-15 00:00:00	20	2
-0.0	268.478
-5.0	267.292
-10.0	268.997
-15.0	271.797
-20.0	275.121
-25.0	274.225
-30.0	275.688
-35.0	283.642
-40.0	279.010
-45.0	274.065
-50.0	271.442
-55.0	271.177
-60.0	275.847
-65.0	276.764
-70.0	275.666
-75.0	279.107
-80.0	277.378
-85.0	273.178
-90.0	276.183
-12000	276.183
2004-08-15 00:00:00	20	2
-0.0	256.791
-5.0	254.968
-10.0	255.341
-15.0	254.968
-20.0	255.295
-25.0	253.314
-30.0	251.525
-35.0	250.480
-40.0	247.280
-45.0	245.482
-50.0	243.104
-55.0	243.889
-60.0	252.054
-65.0	254.461
-70.0	254.619
-75.0	252.400
-80.0	251.720
-85.0	251.507
-90.0	257.306
-12000	257.306
2004-09-15 00:00:00	20	2
-0.0	257.631
-5.0	256.105
-10.0	256.819
-15.0	255.600
-20.0	255.212
-25.0	253.728
-30.0	251.711
-35.0	252.163
-40.0	245.052
-45.0	241.650
-50.0	239.194
-55.0	241.295
-60.0	243.302
-65.0	250.084
-70.0	249.203
-75.0	248.990
-80.0	251.316
-85.0	251.368
-90.0	256.056
-12000	256.056
2004-10-15 00:00:00	20	2
-0.0	261.676
-5.0	258.513
-10.0	258.093
-15.0	257.601
-20.0	258.766
-25.0	256.627
-30.0	255.768
-35.0	251.602
-40.0	245.061
-45.0	240.385
-50.0	235.334
-55.0	237.341
-60.0	237.572
-65.0	237.245
-70.0	233.686
-75.0	234.847
-80.0	232.044
-85.0	229.133
-90.0	235.440
-12000	235.440
2004-11-15 00:00:00	20	2
-0.0	274.930
-5.0	277.379
-10.0	276.410
-15.0	276.308
-20.0	275.267
-25.0	274.031
-30.0	273.051
-35.0	268.282
-40.0	267.299
-45.0	264.346
-50.0	256.639
-55.0	260.395
-60.0	255.166
-65.0	255.517
-70.0	236.987
-75.0	239.612
-80.0	240.251
-85.0	240.426
-90.0	253.531
-12000	253.531
2004-12-15 00:00:00	20	2
-0.0	286.170
-5.0	287.587
-10.0	282.545
-15.0	287.357
-20.0	286.791
-25.0	285.540
-30.0	284.943
-35.0	279.768
-40.0	277.795
-45.0	276.453
-50.0	267.353
-55.0	270.320
-60.0	267.155
-65.0	276.486
-70.0	273.258
-75.0	269.549
-80.0	263.741
-85.0	266.728
-90.0	270.641
-12000	270.641
2005-01-15 00:00:00	20	2
-0.0	298.440
-5.0	298.576
-10.0	297.811
-15.0	296.177
-20.0	295.381
-25.0	295.505
-30.0	295.624
-35.0	297.091
-40.0	297.771
-45.0	298.591
-50.0	298.104
-55.0	299.385
-60.0	297.507
-65.0	299.426
-70.0	297.858
-75.0	290.815
-80.0	287.722
-85.0	284.942
-90.0	287.999
-12000	287.999
2005-02-15 00:00:00	20	2
-0.0	304.286
-5.0	301.513
-10.0	301.362
-15.0	300.257
-20.0	298.286
-25.0	297.572
-30.0	296.505
-35.0	300.716
-40.0	301.177
-45.0	301.219
-50.0	300.125
-55.0	299.055
-60.0	300.721
-65.0	297.528
-70.0	299.900
-75.0	297.310
-80.0	294.194
-85.0	293.648
-90.0	296.292
-12000	296.292
2005-03-15 00:00:00	20	2
-0.0	313.728
-5.0	313.653
-10.0	311.921
-15.0	312.256
-20.0	312.218
-25.0	310.736
-30.0	308.445
-35.0	312.117
-40.0	314.898
-45.0	311.105
-50.0	310.269
-55.0	312.063
-60.0	314.295
-65.0	312.417
-70.0	312.670
-75.0	315.993
-80.0	316.712
-85.0	316.112
-90.0	318.020
-12000	318.020
2005-04-15 00:00:00	20	2
-0.0	324.227
-5.0	327.214
-10.0	326.258
-15.0	324.626
-20.0	322.474
-25.0	319.950
-30.0	318.260
-35.0	317.190
-40.0	317.472
-45.0	316.456
-50.0	314.133
-55.0	311.677
-60.0	311.376
-65.0	311.370
-70.0	310.126
-75.0	307.921
-80.0	307.208
-85.0	303.014
-90.0	303.636
-12000	303.636
2005-05-15 00:00:00	20	2
-0.0	309.389
-5.0	310.926
-10.0	311.851
-15.0	312.124
-20.0	311.884
-25.0	310.870
-30.0	307.922
-35.0	302.964
-40.0	300.626
-45.0	298.478
-50.0	292.418
-55.0	290.081
-60.0	290.305
-65.0	288.913
-70.0	286.546
-75.0	281.124
-80.0	282.140
-85.0	274.905
-90.0	279.182
-12000	279.182
2005-06-15 00:00:00	20	2
-0.0	289.988
-5.0	292.213
-10.0	291.909
-15.0	292.627
-20.0	291.340
-25.0	292.675
-30.0	291.947
-35.0	290.188
-40.0	288.310
-45.0	286.961
-50.0	284.967
-55.0	288.260
-60.0	289.862
-65.0	289.572
-70.0	288.234
-75.0	284.780
-80.0	281.972
-85.0	278.736
-90.0	277.391
-12000	277.391
2005-07-15 00:00:00	20	2
-0.0	268.478
-5.0	267.292
-10.0	268.997
-15.0	271.797
-20.0	275.121
-25.0	274.225
-30.0	275.688
-35.0	283.642
-40.0	279.010
-45.0	274.065
-50.0	271.442
-55.0	271.177
-60.0	275.847
-65.0	276.764
-70.0	275.666
-75.0	279.107
-80.0	277.378
-85.0	273.178
-90.0	276.183
-12000	276.183
2005-08-15 00:00:00	20	2
-0.0	256.791
-5.0	254.968
-10.0	255.341
-15.0	254.968
-20.0	255.295
-25.0	253.314
-30.0	251.525
-35.0	250.480
-40.0	247.280
-45.0	245.482
-50.0	243.104
-55.0	243.889
-60.0	252.054
-65.0	254.461
-70.0	254.619
-75.0	252.400
-80.0	251.720
-85.0	251.507
-90.0	257.306
-12000	257.306
2005-09-15 00:00:00	20	2
-0.0	257.631
-5.0	256.105
-10.0	256.819
-15.0	255.600
-20.0	255.212
-25.0	253.728
-30.0	251.711
-35.0	252.163
-40.0	245.052
-45.0	241.650
-50.0	239.194
-55.0	241.295
-60.0	243.302
-65.0	250.084
-70.0	249.203
-75.0	248.990
-80.0	251.316
-85.0	251.368
-90.0	256.056
-12000	256.056
2005-10-15 00:00:00	20	2
-0.0	261.676
-5.0	258.513
-10.0	258.093
-15.0	257.601
-20.0	258.766
-25.0	256.627
-30.0	255.768
-35.0	251.602
-40.0	245.061
-45.0	240.385
-50.0	235.334
-55.0	237.341
-60.0	237.572
-65.0	237.245
-70.0	233.686
-75.0	234.847
-80.0	232.044
-85.0	229.133
-90.0	235.440
-12000	235.440
2005-11-15 00:00:00	20	2
-0.0	274.930
-5.0	277.379
-10.0	276.410
-15.0	276.308
-20.0	275.267
-25.0	274.031
-30.0	273.051
-35.0	268.282
-40.0	267.299
-45.0	264.346
-50.0	256.639
-55.0	260.395
-60.0	255.166
-65.0	255.517
-70.0	236.987
-75.0	239.612
-80.0	240.251
-85.0	240.426
-90.0	253.531
-12000	253.531
2005-12-15 00:00:00	20	2
-0.0	286.170
-5.0	287.587
-10.0	282.545
-15.0	287.357
-20.0	286.791
-25.0	285.540
-30.0	284.943
-35.0	279.768
-40.0	277.795
-45.0	276.453
-50.0	267.353
-55.0	270.320
-60.0	267.155
-65.0	276.486
-70.0	273.258
-75.0	269.549
-80.0	263.741
-85.0	266.728
-90.0	270.641
-12000	270.641
2006-01-15 00:00:00	20	2
-0.0	298.440
-5.0	298.576
-10.0	297.811
-15.0	296.177
-20.0	295.381
-25.0	295.505
-30.0	295.624
-35.0	297.091
-40.0	297.771
-45.0	298.591
-50.0	298.104
-55.0	299.385
-60.0	297.507
-65.0	299.426
-70.0	297.858
-75.0	290.815
-80.0	287.722
-85.0	284.942
-90.0	287.999
-12000	287.999
2006-02-15 00:00:00	20	2
-0.0	304.286
-5.0	301.513
-10.0	301.362
-15.0	300.257
-20.0	298.286
-25.0	297.572
-30.0	296.505
-35.0	300.716
-40.0	301.177
-45.0	301.219
-50.0	300.125
-55.0	299.055
-60.0	300.721
-65.0	297.528
-70.0	299.900
-75.0	297.310
-80.0	294.194
-85.0	293.648
-90.0	296.292
-12000	296.292
2006-03-15 00:00:00	20	2
-0.0	313.728
-5.0	313.653
-10.0	311.921
-15.0	312.256
-20.0	312.218
-25.0	310.736
-30.0	308.445
-35.0	312.117
-40.0	314.898
-45.0	311.105
-50.0	310.269
-55.0	312.063
-60.0	314.295
-65.0	312.417
-70.0	312.670
-75.0	315.993
-80.0	316.712
-85.0	316.112
-90.0	318.020
-12000	318.020
2006-04-15 00:00:00	20	2
-0.0	324.227
-5.0	327.214
-10.0	326.258
-15.0	324.626
-20.0	322.474
-25.0	319.950
-30.0	318.260
-35.0	317.190
-40.0	317.472
-45.0	316.456
-50.0	314.133
-55.0	311.677
-60.0	311.376
-65.0	311.370
-70.0	310.126
-75.0	307.921
-80.0	307.208
-85.0	303.014
-90.0	303.636
-12000	303.636
2006-05-15 00:00:00	20	2
-0.0	309.389
-5.0	310.926
-10.0	311.851
-15.0	312.124
-20.0	311.884
-25.0	310.870
-30.0	307.922
-35.0	302.964
-40.0	300.626
-45.0	298.478
-50.0	292.418
-55.0	290.081
-60.0	290.305
-65.0	288.913
-70.0	286.546
-75.0	281.124
-80.0	282.140
-85.0	274.905
-90.0	279.182
-12000	279.182
2006-06-15 00:00:00	20	2
-0.0	289.988
-5.0	292.213
-10.0	291.909
-15.0	292.627
-20.0	291.340
-25.0	292.675
-30.0	291.947
-35.0	290.188
-40.0	288.310
-45.0	286.961
-50.0	284.967
-55.0	288.260
-60.0	289.862
-65.0	289.572
-70.0	288.234
-75.0	284.780
-80.0	281.972
-85.0	278.736
-90.0	277.391
-12000	277.391
2006-07-15 00:00:00	20	2
-0.0	268.478
-5.0	267.292
-10.0	268.997
-15.0	271.797
-20.0	275.121
-25.0	274.225
-30.0	275.688
-35.0	283.642
-40.0	279.010
-45.0	274.065
-50.0	271.442
-55.0	271.177
-60.0	275.847
-65.0	276.764
-70.0	275.666
-75.0	279.107
-80.0	277.378
-85.0	273.178
-90.0	276.183
-12000	276.183
2006-08-15 00:00:00	20	2
-0.0	256.791
-5.0	254.968
-10.0	255.341
-15.0	254.968
-20.0	255.295
-25.0	253.314
-30.0	251.525
-35.0	250.480
-40.0	247.280
-45.0	245.482
-50.0	243.104
-55.0	243.889
-60.0	252.054
-65.0	254.461
-70.0	254.619
-75.0	252.400
-80.0	251.720
-85.0	251.507
-90.0	257.306
-12000	257.306
2006-09-15 00:00:00	20	2
-0.0	257.631
-5.0	256.105
-10.0	256.819
-15.0	255.600
-20.0	255.212
-25.0	253.728
-30.0	251.711
-35.0	252.163
-40.0	245.052
-45.0	241.650
-50.0	239.194
-55.0	241.295
-60.0	243.302
-65.0	250.084
-70.0	249.203
-75.0	248.990
-80.0	251.316
-85.0	251.368
-90.0	256.056
-12000	256.056
2006-10-15 00:00:00	20	2
-0.0	261.676
-5.0	258.513
-10.0	258.093
-15.0	257.601
-20.0	258.766
-25.0	256.627
-30.0	255.768
-35.0	251.602
-40.0	245.061
-45.0	240.385
-50.0	235.334
-55.0	237.341
-60.0	237.572
-65.0	237.245
-70.0	233.686
-75.0	234.847
-80.0	232.044
-85.0	229.133
-90.0	235.440
-12000	235.440
2006-11-15 00:00:00	20	2
-0.0	274.930
-5.0	277.379
-10.0	276.410
-15.0	276.308
-20.0	275.267
-25.0	274.031
-30.0	273.051
-35.0	268.282
-40.0	267.299
-45.0	264.346
-50.0	256.639
-55.0	260.395
-60.0	255.166
-65.0	255.517
-70.0	236.987
-75.0	239.612
-80.0	240.251
-85.0	240.426
-90.0	253.531
-12000	253.531
2006-12-15 00:00:00	20	2
-0.0	286.170
-5.0	287.587
-10.0	282.545
-15.0	287.357
-20.0	286.791
-25.0	285.540
-30.0	284.943
-35.0	279.768
-40.0	277.795
-45.0	276.453
-50.0	267.353
-55.0	270.320
-60.0	267.155
-65.0	276.486
-70.0	273.258
-75.0	269.549
-80.0	263.741
-85.0	266.728
-90.0	270.641
-12000	270.641
2007-01-15 00:00:00	20	2
-0.0	298.440
-5.0	298.576
-10.0	297.811
-15.0	296.177
-20.0	295.381
-25.0	295.505
-30.0	295.624
-35.0	297.091
-40.0	297.771
-45.0	298.591
-50.0	298.104
-55.0	299.385
-60.0	297.507
-65.0	299.426
-70.0	297.858
-75.0	290.815
-80.0	287.722
-85.0	284.942
-90.0	287.999
-12000	287.999
2007-02-15 00:00:00	20	2
-0.0	304.286
-5.0	301.513
-10.0	301.362
-15.0	300.257
-20.0	298.286
-25.0	297.572
-30.0	296.505
-35.0	300.716
-40.0	301.177
-45.0	301.219
-50.0	300.125
-55.0	299.055
-60.0	300.721
-65.0	297.528
-70.0	299.900
-75.0	297.310
-80.0	294.194
-85.0	293.648
-90.0	296.292
-12000	296.292
2007-03-15 00:00:00	20	2
-0.0	313.728
-5.0	313.653
-10.0	311.921
-15.0	312.256
-20.0	312.218
-25.0	310.736
-30.0	308.445
-35.0	312.117
-40.0	314.898
-45.0	311.105
-50.0	310.269
-55.0	312.063
-60.0	314.295
-65.0	312.417
-70.0	312.670
-75.0	315.993
-80.0	316.712
-85.0	316.112
-90.0	318.020
-12000	318.020
2007-04-15 00:00:00	20	2
-0.0	324.227
-5.0	327.214
-10.0	326.258
-15.0	324.626
-20.0	322.474
-25.0	319.950
-30.0	318.260
-35.0	317.190
-40.0	317.472
-45.0	316.456
-50.0	314.133
-55.0	311.677
-60.0	311.376
-65.0	311.370
-70.0	310.126
-75.0	307.921
-80.0	307.208
-85.0	303.014
-90.0	303.636
-12000	303.636
2007-05-15 00:00:00	20	2
-0.0	309.389
-5.0	310.926
-10.0	311.851
-15.0	312.124
-20.0	311.884
-25.0	310.870
-30.0	307.922
-35.0	302.964
-40.0	300.626
-45.0	298.478
-50.0	292.418
-55.0	290.081
-60.0	290.305
-65.0	288.913
-70.0	286.546
-75.0	281.124
-80.0	282.140
-85.0	274.905
-90.0	279.182
-12000	279.182
2007-06-15 00:00:00	20	2
-0.0	289.988
-5.0	292.213
-10.0	291.909
-15.0	292.627
-20.0	291.340
-25.0	292.675
-30.0	291.947
-35.0	290.188
-40.0	288.310
-45.0	286.961
-50.0	284.967
-55.0	288.260
-60.0	289.862
-65.0	289.572
-70.0	288.234
-75.0	284.780
-80.0	281.972
-85.0	278.736
-90.0	277.391
-12000	277.391
2007-07-15 00:00:00	20	2
-0.0	268.478
-5.0	267.292
-10.0	268.997
-15.0	271.797
-20.0	275.121
-25.0	274.225
-30.0	275.688
-35.0	283.642
-40.0	279.010
-45.0	274.065
-50.0	271.442
-55.0	271.177
-60.0	275.847
-65.0	276.764
-70.0	275.666
-75.0	279.107
-80.0	277.378
-85.0	273.178
-90.0	276.183
-12000	276.183
2007-08-15 00:00:00	20	2
-0.0	256.791
-5.0	254.968
-10.0	255.341
-15.0	254.968
-20.0	255.295
-25.0	253.314
-30.0	251.525
-35.0	250.480
-40.0	247.280
-45.0	245.482
-50.0	243.104
-55.0	243.889
-60.0	252.054
-65.0	254.461
-70.0	254.619
-75.0	252.400
-80.0	251.720
-85.0	251.507
-90.0	257.306
-12000	257.306
2007-09-15 00:00:00	20	2
-0.0	257.631
-5.0	256.105
-10.0	256.819
-15.0	255.600
-20.0	255.212
-25.0	253.728
-30.0	251.711
-35.0	252.163
-40.0	245.052
-45.0	241.650
-50.0	239.194
-55.0	241.295
-60.0	243.302
-65.0	250.084
-70.0	249.203
-75.0	248.990
-80.0	251.316
-85.0	251.368
-90.0	256.056
-12000	256.056
2007-10-15 00:00:00	20	2
-0.0	261.676
-5.0	258.513
-10.0	258.093
-15.0	257.601
-20.0	258.766
-25.0	256.627
-30.0	255.768
-35.0	251.602
-40.0	245.061
-45.0	240.385
-50.0	235.334
-55.0	237.341
-60.0	237.572
-65.0	237.245
-70.0	233.686
-75.0	234.847
-80.0	232.044
-85.0	229.133
-90.0	235.440
-12000	235.440
2007-11-15 00:00:00	20	2
-0.0	274.930
-5.0	277.379
-10.0	276.410
-15.0	276.308
-20.0	275.267
-25.0	274.031
-30.0	273.051
-35.0	268.282
-40.0	267.299
-45.0	264.346
-50.0	256.639
-55.0	260.395
-60.0	255.166
-65.0	255.517
-70.0	236.987
-75.0	239.612
-80.0	240.251
-85.0	240.426
-90.0	253.531
-12000	253.531
2007-12-15 00:00:00	20	2
-0.0	286.170
-5.0	287.587
-10.0	282.545
-15.0	287.357
-20.0	286.791
-25.0	285.540
-30.0	284.943
-35.0	279.768
-40.0	277.795
-45.0	276.453
-50.0	267.353
-55.0	270.320
-60.0	267.155
-65.0	276.486
-70.0	273.258
-75.0	269.549
-80.0	263.741
-85.0	266.728
-90.0	270.641
-12000	270.641
2008-01-15 00:00:00	20	2
-0.0	298.440
-5.0	298.576
-10.0	297.811
-15.0	296.177
-20.0	295.381
-25.0	295.505
-30.0	295.624
-35.0	297.091
-40.0	297.771
-45.0	298.591
-50.0	298.104
-55.0	299.385
-60.0	297.507
-65.0	299.426
-70.0	297.858
-75.0	290.815
-80.0	287.722
-85.0	284.942
-90.0	287.999
-12000	287.999
2008-02-15 00:00:00	20	2
-0.0	304.286
-5.0	301.513
-10.0	301.362
-15.0	300.257
-20.0	298.286
-25.0	297.572
-30.0	296.505
-35.0	300.716
-40.0	301.177
-45.0	301.219
-50.0	300.125
-55.0	299.055
-60.0	300.721
-65.0	297.528
-70.0	299.900
-75.0	297.310
-80.0	294.194
-85.0	293.648
-90.0	296.292
-12000	296.292
2008-03-15 00:00:00	20	2
-0.0	313.728
-5.0	313.653
-10.0	311.921
-15.0	312.256
-20.0	312.218
-25.0	310.736
-30.0	308.445
-35.0	312.117
-40.0	314.898
-45.0	311.105
-50.0	310.269
-55.0	312.063
-60.0	314.295
-65.0	312.417
-70.0	312.670
-75.0	315.993
-80.0	316.712
-85.0	316.112
-90.0	318.020
-12000	318.020
2008-04-15 00:00:00	20	2
-0.0	324.227
-5.0	327.214
-10.0	326.258
-15.0	324.626
-20.0	322.474
-25.0	319.950
-30.0	318.260
-35.0	317.190
-40.0	317.472
-45.0	316.456
-50.0	314.133
-55.0	311.677
-60.0	311.376
-65.0	311.370
-70.0	310.126
-75.0	307.921
-80.0	307.208
-85.0	303.014
-90.0	303.636
-12000	303.636
2008-05-15 00:00:00	20	2
-0.0	309.389
-5.0	310.926
-10.0	311.851
-15.0	312.124
-20.0	311.884
-25.0	310.870
-30.0	307.922
-35.0	302.964
-40.0	300.626
-45.0	298.478
-50.0	292.418
-55.0	290.081
-60.0	290.305
-65.0	288.913
-70.0	286.546
-75.0	281.124
-80.0	282.140
-85.0	274.905
-90.0	279.182
-12000	279.182
2008-06-15 00:00:00	20	2
-0.0	289.988
-5.0	292.213
-10.0	291.909
-15.0	292.627
-20.0	291.340
-25.0	292.675
-30.0	291.947
-35.0	290.188
-40.0	288.310
-45.0	286.961
-50.0	284.967
-55.0	288.260
-60.0	289.862
-65.0	289.572
-70.0	288.234
-75.0	284.780
-80.0	281.972
-85.0	278.736
-90.0	277.391
-12000	277.391
2008-07-15 00:00:00	20	2
-0.0	268.478
-5.0	267.292
-10.0	268.997
-15.0	271.797
-20.0	275.121
-25.0	274.225
-30.0	275.688
-35.0	283.642
-40.0	279.010
-45.0	274.065
-50.0	271.442
-55.0	271.177
-60.0	275.847
-65.0	276.764
-70.0	275.666
-75.0	279.107
-80.0	277.378
-85.0	273.178
-90.0	276.183
-12000	276.183
2008-08-15 00:00:00	20	2
-0.0	256.791
-5.0	254.968
-10.0	255.341
-15.0	254.968
-20.0	255.295
-25.0	253.314
-30.0	251.525
-35.0	250.480
-40.0	247.280
-45.0	245.482
-50.0	243.104
-55.0	243.889
-60.0	252.054
-65.0	254.461
-70.0	254.619
-75.0	252.400
-80.0	251.720
-85.0	251.507
-90.0	257.306
-12000	257.306
2008-09-15 00:00:00	20	2
-0.0	257.631
-5.0	256.105
-10.0	256.819
-15.0	255.600
-20.0	255.212
-25.0	253.728
-30.0	251.711
-35.0	252.163
-40.0	245.052
-45.0	241.650
-50.0	239.194
-55.0	241.295
-60.0	243.302
-65.0	250.084
-70.0	249.203
-75.0	248.990
-80.0	251.316
-85.0	251.368
-90.0	256.056
-12000	256.056
2008-10-15 00:00:00	20	2
-0.0	261.676
-5.0	258.513
-10.0	258.093
-15.0	257.601
-20.0	258.766
-25.0	256.627
-30.0	255.768
-35.0	251.602
-40.0	245.061
-45.0	240.385
-50.0	235.334
-55.0	237.341
-60.0	237.572
-65.0	237.245
-70.0	233.686
-75.0	234.847
-80.0	232.044
-85.0	229.133
-90.0	235.440
-12000	235.440
2008-11-15 00:00:00	20	2
-0.0	274.930
-5.0	277.379
-10.0	276.410
-15.0	276.308
-20.0	275.267
-25.0	274.031
-30.0	273.051
-35.0	268.282
-40.0	267.299
-45.0	264.346
-50.0	256.639
-55.0	260.395
-60.0	255.166
-65.0	255.517
-70.0	236.987
-75.0	239.612
-80.0	240.251
-85.0	240.426
-90.0	253.531
-12000	253.531
2008-12-15 00:00:00	20	2
-0.0	286.170
-5.0	287.587
-10.0	282.545
-15.0	287.357
-20.0	286.791
-25.0	285.540
-30.0	284.943
-35.0	279.768
-40.0	277.795
-45.0	276.453
-50.0	267.353
-55.0	270.320
-60.0	267.155
-65.0	276.486
-70.0	273.258
-75.0	269.549
-80.0	263.741
-85.0	266.728
-90.0	270.641
-12000	270.641
2009-01-15 00:00:00	20	2
-0.0	298.440
-5.0	298.576
-10.0	297.811
-15.0	296.177
-20.0	295.381
-25.0	295.505
-30.0	295.624
-35.0	297.091
-40.0	297.771
-45.0	298.591
-50.0	298.104
-55.0	299.385
-60.0	297.507
-65.0	299.426
-70.0	297.858
-75.0	290.815
-80.0	287.722
-85.0	284.942
-90.0	287.999
-12000	287.999
2009-02-15 00:00:00	20	2
-0.0	304.286
-5.0	301.513
-10.0	301.362
-15.0	300.257
-20.0	298.286
-25.0	297.572
-30.0	296.505
-35.0	300.716
-40.0	301.177
-45.0	301.219
-50.0	300.125
-55.0	299.055
-60.0	300.721
-65.0	297.528
-70.0	299.900
-75.0	297.310
-80.0	294.194
-85.0	293.648
-90.0	296.292
-12000	296.292
2009-03-15 00:00:00	20	2
-0.0	313.728
-5.0	313.653
-10.0	311.921
-15.0	312.256
-20.0	312.218
-25.0	310.736
-30.0	308.445
-35.0	312.117
-40.0	314.898
-45.0	311.105
-50.0	310.269
-55.0	312.063
-60.0	314.295
-65.0	312.417
-70.0	312.670
-75.0	315.993
-80.0	316.712
-85.0	316.112
-90.0	318.020
-12000	318.020
2009-04-15 00:00:00	20	2
-0.0	324.227
-5.0	327.214
-10.0	326.258
-15.0	324.626
-20.0	322.474
-25.0	319.950
-30.0	318.260
-35.0	317.190
-40.0	317.472
-45.0	316.456
-50.0	314.133
-55.0	311.677
-60.0	311.376
-65.0	311.370
-70.0	310.126
-75.0	307.921
-80.0	307.208
-85.0	303.014
-90.0	303.636
-12000	303.636
2009-05-15 00:00:00	20	2
-0.0	309.389
-5.0	310.926
-10.0	311.851
-15.0	312.124
-20.0	311.884
-25.0	310.870
-30.0	307.922
-35.0	302.964
-40.0	300.626
-45.0	298.478
-50.0	292.418
-55.0	290.081
-60.0	290.305
-65.0	288.913
-70.0	286.546
-75.0	281.124
-80.0	282.140
-85.0	274.905
-90.0	279.182
-12000	279.182
2009-06-15 00:00:00	20	2
-0.0	289.988
-5.0	292.213
-10.0	291.909
-15.0	292.627
-20.0	291.340
-25.0	292.675
-30.0	291.947
-35.0	290.188
-40.0	288.310
-45.0	286.961
-50.0	284.967
-55.0	288.260
-60.0	289.862
-65.0	289.572
-70.0	288.234
-75.0	284.780
-80.0	281.972
-85.0	278.736
-90.0	277.391
-12000	277.391
2009-07-15 00:00:00	20	2
-0.0	268.478
-5.0	267.292
-10.0	268.997
-15.0	271.797
-20.0	275.121
-25.0	274.225
-30.0	275.688
-35.0	283.642
-40.0	279.010
-45.0	274.065
-50.0	271.442
-55.0	271.177
-60.0	275.847
-65.0	276.764
-70.0	275.666
-75.0	279.107
-80.0	277.378
-85.0	273.178
-90.0	276.183
-12000	276.183
2009-08-15 00:00:00	20	2
-0.0	256.791
-5.0	254.968
-10.0	255.341
-15.0	254.968
-20.0	255.295
-25.0	253.314
-30.0	251.525
-35.0	250.480
-40.0	247.280
-45.0	245.482
-50.0	243.104
-55.0	243.889
-60.0	252.054
-65.0	254.461
-70.0	254.619
-75.0	252.400
-80.0	251.720
-85.0	251.507
-90.0	257.306
-12000	257.306
2009-09-15 00:00:00	20	2
-0.0	257.631
-5.0	256.105
-10.0	256.819
-15.0	255.600
-20.0	255.212
-25.0	253.728
-30.0	251.711
-35.0	252.163
-40.0	245.052
-45.0	241.650
-50.0	239.194
-55.0	241.295
-60.0	243.302
-65.0	250.084
-70.0	249.203
-75.0	248.990
-80.0	251.316
-85.0	251.368
-90.0	256.056
-12000	256.056
2009-10-15 00:00:00	20	2
-0.0	261.676
-5.0	258.513
-10.0	258.093
-15.0	257.601
-20.0	258.766
-25.0	256.627
-30.0	255.768
-35.0	251.602
-40.0	245.061
-45.0	240.385
-50.0	235.334
-55.0	237.341
-60.0	237.572
-65.0	237.245
-70.0	233.686
-75.0	234.847
-80.0	232.044
-85.0	229.133
-90.0	235.440
-12000	235.440
2009-11-15 00:00:00	20	2
-0.0	274.930
-5.0	277.379
-10.0	276.410
-15.0	276.308
-20.0	275.267
-25.0	274.031
-30.0	273.051
-35.0	268.282
-40.0	267.299
-45.0	264.346
-50.0	256.639
-55.0	260.395
-60.0	255.166
-65.0	255.517
-70.0	236.987
-75.0	239.612
-80.0	240.251
-85.0	240.426
-90.0	253.531
-12000	253.531
2009-12-15 00:00:00	20	2
-0.0	286.170
-5.0	287.587
-10.0	282.545
-15.0	287.357
-20.0	286.791
-25.0	285.540
-30.0	284.943
-35.0	279.768
-40.0	277.795
-45.0	276.453
-50.0	267.353
-55.0	270.320
-60.0	267.155
-65.0	276.486
-70.0	273.258
-75.0	269.549
-80.0	263.741
-85.0	266.728
-90.0	270.641
-12000	270.641
2010-01-15 00:00:00	20	2
-0.0	298.440
-5.0	298.576
-10.0	297.811
-15.0	296.177
-20.0	295.381
-25.0	295.505
-30.0	295.624
-35.0	297.091
-40.0	297.771
-45.0	298.591
-50.0	298.104
-55.0	299.385
-60.0	297.507
-65.0	299.426
-70.0	297.858
-75.0	290.815
-80.0	287.722
-85.0	284.942
-90.0	287.999
-12000	287.999
2010-02-15 00:00:00	20	2
-0.0	304.286
-5.0	301.513
-10.0	301.362
-15.0	300.257
-20.0	298.286
-25.0	297.572
-30.0	296.505
-35.0	300.716
-40.0	301.177
-45.0	301.219
-50.0	300.125
-55.0	299.055
-60.0	300.721
-65.0	297.528
-70.0	299.900
-75.0	297.310
-80.0	294.194
-85.0	293.648
-90.0	296.292
-12000	296.292
2010-03-15 00:00:00	20	2
-0.0	313.728
-5.0	313.653
-10.0	311.921
-15.0	312.256
-20.0	312.218
-25.0	310.736
-30.0	308.445
-35.0	312.117
-40.0	314.898
-45.0	311.105
-50.0	310.269
-55.0	312.063
-60.0	314.295
-65.0	312.417
-70.0	312.670
-75.0	315.993
-80.0	316.712
-85.0	316.112
-90.0	318.020
-12000	318.020
2010-04-15 00:00:00	20	2
-0.0	324.227
-5.0	327.214
-10.0	326.258
-15.0	324.626
-20.0	322.474
-25.0	319.950
-30.0	318.260
-35.0	317.190
-40.0	317.472
-45.0	316.456
-50.0	314.133
-55.0	311.677
-60.0	311.376
-65.0	311.370
-70.0	310.126
-75.0	307.921
-80.0	307.208
-85.0	303.014
-90.0	303.636
-12000	303.636
2010-05-15 00:00:00	20	2
-0.0	309.389
-5.0	310.926
-10.0	311.851
-15.0	312.124
-20.0	311.884
-25.0	310.870
-30.0	307.922
-35.0	302.964
-40.0	300.626
-45.0	298.478
-50.0	292.418
-55.0	290.081
-60.0	290.305
-65.0	288.913
-70.0	286.546
-75.0	281.124
-80.0	282.140
-85.0	274.905
-90.0	279.182
-12000	279.182
2010-06-15 00:00:00	20	2
-0.0	289.988
-5.0	292.213
-10.0	291.909
-15.0	292.627
-20.0	291.340
-25.0	292.675
-30.0	291.947
-35.0	290.188
-40.0	288.310
-45.0	286.961
-50.0	284.967
-55.0	288.260
-60.0	289.862
-65.0	289.572
-70.0	288.234
-75.0	284.780
-80.0	281.972
-85.0	278.736
-90.0	277.391
-12000	277.391
2010-07-15 00:00:00	20	2
-0.0	268.478
-5.0	267.292
-10.0	268.997
-15.0	271.797
-20.0	275.121
-25.0	274.225
-30.0	275.688
-35.0	283.642
-40.0	279.010
-45.0	274.065
-50.0	271.442
-55.0	271.177
-60.0	275.847
-65.0	276.764
-70.0	275.666
-75.0	279.107
-80.0	277.378
-85.0	273.178
-90.0	276.183
-12000	276.183
2010-08-15 00:00:00	20	2
-0.0	256.791
-5.0	254.968
-10.0	255.341
-15.0	254.968
-20.0	255.295
-25.0	253.314
-30.0	251.525
-35.0	250.480
-40.0	247.280
-45.0	245.482
-50.0	243.104
-55.0	243.889
-60.0	252.054
-65.0	254.461
-70.0	254.619
-75.0	252.400
-80.0	251.720
-85.0	251.507
-90.0	257.306
-12000	257.306
2010-09-15 00:00:00	20	2
-0.0	257.631
-5.0	256.105
-10.0	256.819
-15.0	255.600
-20.0	255.212
-25.0	253.728
-30.0	251.711
-35.0	252.163
-40.0	245.052
-45.0	241.650
-50.0	239.194
-55.0	241.295
-60.0	243.302
-65.0	250.084
-70.0	249.203
-75.0	248.990
-80.0	251.316
-85.0	251.368
-90.0	256.056
-12000	256.056
2010-10-15 00:00:00	20	2
-0.0	261.676
-5.0	258.513
-10.0	258.093
-15.0	257.601
-20.0	258.766
-25.0	256.627
-30.0	255.768
-35.0	251.602
-40.0	245.061
-45.0	240.385
-50.0	235.334
-55.0	237.341
-60.0	237.572
-65.0	237.245
-70.0	233.686
-75.0	234.847
-80.0	232.044
-85.0	229.133
-90.0	235.440
-12000	235.440
2010-11-15 00:00:00	20	2
-0.0	274.930
-5.0	277.379
-10.0	276.410
-15.0	276.308
-20.0	275.267
-25.0	274.031
-30.0	273.051
-35.0	268.282
-40.0	267.299
-45.0	264.346
-50.0	256.639
-55.0	260.395
-60.0	255.166
-65.0	255.517
-70.0	236.987
-75.0	239.612
-80.0	240.251
-85.0	240.426
-90.0	253.531
-12000	253.531
2010-12-15 00:00:00	20	2
-0.0	286.170
-5.0	287.587
-10.0	282.545
-15.0	287.357
-20.0	286.791
-25.0	285.540
-30.0	284.943
-35.0	279.768
-40.0	277.795
-45.0	276.453
-50.0	267.353
-55.0	270.320
-60.0	267.155
-65.0	276.486
-70.0	273.258
-75.0	269.549
-80.0	263.741
-85.0	266.728
-90.0	270.641
-12000	270.641
2011-01-15 00:00:00	20	2
-0.0	298.440
-5.0	298.576
-10.0	297.811
-15.0	296.177
-20.0	295.381
-25.0	295.505
-30.0	295.624
-35.0	297.091
-40.0	297.771
-45.0	298.591
-50.0	298.104
-55.0	299.385
-60.0	297.507
-65.0	299.426
-70.0	297.858
-75.0	290.815
-80.0	287.722
-85.0	284.942
-90.0	287.999
-12000	287.999
2011-02-15 00:00:00	20	2
-0.0	304.286
-5.0	301.513
-10.0	301.362
-15.0	300.257
-20.0	298.286
-25.0	297.572
-30.0	296.505
-35.0	300.716
-40.0	301.177
-45.0	301.219
-50.0	300.125
-55.0	299.055
-60.0	300.721
-65.0	297.528
-70.0	299.900
-75.0	297.310
-80.0	294.194
-85.0	293.648
-90.0	296.292
-12000	296.292
2011-03-15 00:00:00	20	2
-0.0	313.728
-5.0	313.653
-10.0	311.921
-15.0	312.256
-20.0	312.218
-25.0	310.736
-30.0	308.445
-35.0	312.117
-40.0	314.898
-45.0	311.105
-50.0	310.269
-55.0	312.063
-60.0	314.295
-65.0	312.417
-70.0	312.670
-75.0	315.993
-80.0	316.712
-85.0	316.112
-90.0	318.020
-12000	318.020
2011-04-15 00:00:00	20	2
-0.0	324.227
-5.0	327.214
-10.0	326.258
-15.0	324.626
-20.0	322.474
-25.0	319.950
-30.0	318.260
-35.0	317.190
-40.0	317.472
-45.0	316.456
-50.0	314.133
-55.0	311.677
-60.0	311.376
-65.0	311.370
-70.0	310.126
-75.0	307.921
-80.0	307.208
-85.0	303.014
-90.0	303.636
-12000	303.636
2011-05-15 00:00:00	20	2
-0.0	309.389
-5.0	310.926
-10.0	311.851
-15.0	312.124
-20.0	311.884
-25.0	310.870
-30.0	307.922
-35.0	302.964
-40.0	300.626
-45.0	298.478
-50.0	292.418
-55.0	290.081
-60.0	290.305
-65.0	288.913
-70.0	286.546
-75.0	281.124
-80.0	282.140
-85.0	274.905
-90.0	279.182
-12000	279.182
2011-06-15 00:00:00	20	2
-0.0	289.988
-5.0	292.213
-10.0	291.909
-15.0	292.627
-20.0	291.340
-25.0	292.675
-30.0	291.947
-35.0	290.188
-40.0	288.310
-45.0	286.961
-50.0	284.967
-55.0	288.260
-60.0	289.862
-65.0	289.572
-70.0	288.234
-75.0	284.780
-80.0	281.972
-85.0	278.736
-90.0	277.391
-12000	277.391
2011-07-15 00:00:00	20	2
-0.0	268.478
-5.0	267.292
-10.0	268.997
-15.0	271.797
-20.0	275.121
-25.0	274.225
-30.0	275.688
-35.0	283.642
-40.0	279.010
-45.0	274.065
-50.0	271.442
-55.0	271.177
-60.0	275.847
-65.0	276.764
-70.0	275.666
-75.0	279.107
-80.0	277.378
-85.0	273.178
-90.0	276.183
-12000	276.183
2011-08-15 00:00:00	20	2
-0.0	256.791
-5.0	254.968
-10.0	255.341
-15.0	254.968
-20.0	255.295
-25.0	253.314
-30.0	251.525
-35.0	250.480
-40.0	247.280
-45.0	245.482
-50.0	243.104
-55.0	243.889
-60.0	252.054
-65.0	254.461
-70.0	254.619
-75.0	252.400
-80.0	251.720
-85.0	251.507
-90.0	257.306
-12000	257.306
2011-09-15 00:00:00	20	2
-0.0	257.631
-5.0	256.105
-10.0	256.819
-15.0	255.600
-20.0	255.212
-25.0	253.728
-30.0	251.711
-35.0	252.163
-40.0	245.052
-45.0	241.650
-50.0	239.194
-55.0	241.295
-60.0	243.302
-65.0	250.084
-70.0	249.203
-75.0	248.990
-80.0	251.316
-85.0	251.368
-90.0	256.056
-12000	256.056
2011-10-15 00:00:00	20	2
-0.0	261.676
-5.0	258.513
-10.0	258.093
-15.0	257.601
-20.0	258.766
-25.0	256.627
-30.0	255.768
-35.0	251.602
-40.0	245.061
-45.0	240.385
-50.0	235.334
-55.0	237.341
-60.0	237.572
-65.0	237.245
-70.0	233.686
-75.0	234.847
-80.0	232.044
-85.0	229.133
-90.0	235.440
-12000	235.440
2011-11-15 00:00:00	20	2
-0.0	274.930
-5.0	277.379
-10.0	276.410
-15.0	276.308
-20.0	275.267
-25.0	274.031
-30.0	273.051
-35.0	268.282
-40.0	267.299
-45.0	264.346
-50.0	256.639
-55.0	260.395
-60.0	255.166
-65.0	255.517
-70.0	236.987
-75.0	239.612
-80.0	240.251
-85.0	240.426
-90.0	253.531
-12000	253.531
2011-12-15 00:00:00	20	2
-0.0	286.170
-5.0	287.587
-10.0	282.545
-15.0	287.357
-20.0	286.791
-25.0	285.540
-30.0	284.943
-35.0	279.768
-40.0	277.795
-45.0	276.453
-50.0	267.353
-55.0	270.320
-60.0	267.155
-65.0	276.486
-70.0	273.258
-75.0	269.549
-80.0	263.741
-85.0	266.728
-90.0	270.641
-12000	270.641
2012-01-15 00:00:00	20	2
-0.0	298.440
-5.0	298.576
-10.0	297.811
-15.0	296.177
-20.0	295.381
-25.0	295.505
-30.0	295.624
-35.0	297.091
-40.0	297.771
-45.0	298.591
-50.0	298.104
-55.0	299.385
-60.0	297.507
-65.0	299.426
-70.0	297.858
-75.0	290.815
-80.0	287.722
-85.0	284.942
-90.0	287.999
-12000	287.999
2012-02-15 00:00:00	20	2
-0.0	304.286
-5.0	301.513
-10.0	301.362
-15.0	300.257
-20.0	298.286
-25.0	297.572
-30.0	296.505
-35.0	300.716
-40.0	301.177
-45.0	301.219
-50.0	300.125
-55.0	299.055
-60.0	300.721
-65.0	297.528
-70.0	299.900
-75.0	297.310
-80.0	294.194
-85.0	293.648
-90.0	296.292
-12000	296.292
2012-03-15 00:00:00	20	2
-0.0	313.728
-5.0	313.653
-10.0	311.921
-15.0	312.256
-20.0	312.218
-25.0	310.736
-30.0	308.445
-35.0	312.117
-40.0	314.898
-45.0	311.105
-50.0	310.269
-55.0	312.063
-60.0	314.295
-65.0	312.417
-70.0	312.670
-75.0	315.993
-80.0	316.712
-85.0	316.112
-90.0	318.020
-12000	318.020
2012-04-15 00:00:00	20	2
-0.0	324.227
-5.0	327.214
-10.0	326.258
-15.0	324.626
-20.0	322.474
-25.0	319.950
-30.0	318.260
-35.0	317.190
-40.0	317.472
-45.0	316.456
-50.0	314.133
-55.0	311.677
-60.0	311.376
-65.0	311.370
-70.0	310.126
-75.0	307.921
-80.0	307.208
-85.0	303.014
-90.0	303.636
-12000	303.636
2012-05-15 00:00:00	20	2
-0.0	309.389
-5.0	310.926
-10.0	311.851
-15.0	312.124
-20.0	311.884
-25.0	310.870
-30.0	307.922
-35.0	302.964
-40.0	300.626
-45.0	298.478
-50.0	292.418
-55.0	290.081
-60.0	290.305
-65.0	288.913
-70.0	286.546
-75.0	281.124
-80.0	282.140
-85.0	274.905
-90.0	279.182
-12000	279.182
2012-06-15 00:00:00	20	2
-0.0	289.988
-5.0	292.213
-10.0	291.909
-15.0	292.627
-20.0	291.340
-25.0	292.675
-30.0	291.947
-35.0	290.188
-40.0	288.310
-45.0	286.961
-50.0	284.967
-55.0	288.260
-60.0	289.862
-65.0	289.572
-70.0	288.234
-75.0	284.780
-80.0	281.972
-85.0	278.736
-90.0	277.391
-12000	277.391
2012-07-15 00:00:00	20	2
-0.0	268.478
-5.0	267.292
-10.0	268.997
-15.0	271.797
-20.0	275.121
-25.0	274.225
-30.0	275.688
-35.0	283.642
-40.0	279.010
-45.0	274.065
-50.0	271.442
-55.0	271.177
-60.0	275.847
-65.0	276.764
-70.0	275.666
-75.0	279.107
-80.0	277.378
-85.0	273.178
-90.0	276.183
-12000	276.183
2012-08-15 00:00:00	20	2
-0.0	256.791
-5.0	254.968
-10.0	255.341
-15.0	254.968
-20.0	255.295
-25.0	253.314
-30.0	251.525
-35.0	250.480
-40.0	247.280
-45.0	245.482
-50.0	243.104
-55.0	243.889
-60.0	252.054
-65.0	254.461
-70.0	254.619
-75.0	252.400
-80.0	251.720
-85.0	251.507
-90.0	257.306
-12000	257.306
2012-09-15 00:00:00	20	2
-0.0	257.631
-5.0	256.105
-10.0	256.819
-15.0	255.600
-20.0	255.212
-25.0	253.728
-30.0	251.711
-35.0	252.163
-40.0	245.052
-45.0	241.650
-50.0	239.194
-55.0	241.295
-60.0	243.302
-65.0	250.084
-70.0	249.203
-75.0	248.990
-80.0	251.316
-85.0	251.368
-90.0	256.056
-12000	256.056
2012-10-15 00:00:00	20	2
-0.0	261.676
-5.0	258.513
-10.0	258.093
-15.0	257.601
-20.0	258.766
-25.0	256.627
-30.0	255.768
-35.0	251.602
-40.0	245.061
-45.0	240.385
-50.0	235.334
-55.0	237.341
-60.0	237.572
-65.0	237.245
-70.0	233.686
-75.0	234.847
-80.0	232.044
-85.0	229.133
-90.0	235.440
-12000	235.440
2012-11-15 00:00:00	20	2
-0.0	274.930
-5.0	277.379
-10.0	276.410
-15.0	276.308
-20.0	275.267
-25.0	274.031
-30.0	273.051
-35.0	268.282
-40.0	267.299
-45.0	264.346
-50.0	256.639
-55.0	260.395
-60.0	255.166
-65.0	255.517
-70.0	236.987
-75.0	239.612
-80.0	240.251
-85.0	240.426
-90.0	253.531
-12000	253.531
2012-12-15 00:00:00	20	2
-0.0	286.170
-5.0	287.587
-10.0	282.545
-15.0	287.357
-20.0	286.791
-25.0	285.540
-30.0	284.943
-35.0	279.768
-40.0	277.795
-45.0	276.453
-50.0	267.353
-55.0	270.320
-60.0	267.155
-65.0	276.486
-70.0	273.258
-75.0	269.549
-80.0	263.741
-85.0	266.728
-90.0	270.641
-12000	270.641
2013-01-15 00:00:00	20	2
-0.0	298.440
-5.0	298.576
-10.0	297.811
-15.0	296.177
-20.0	295.381
-25.0	295.505
-30.0	295.624
-35.0	297.091
-40.0	297.771
-45.0	298.591
-50.0	298.104
-55.0	299.385
-60.0	297.507
-65.0	299.426
-70.0	297.858
-75.0	290.815
-80.0	287.722
-85.0	284.942
-90.0	287.999
-12000	287.999
2013-02-15 00:00:00	20	2
-0.0	304.286
-5.0	301.513
-10.0	301.362
-15.0	300.257
-20.0	298.286
-25.0	297.572
-30.0	296.505
-35.0	300.716
-40.0	301.177
-45.0	301.219
-50.0	300.125
-55.0	299.055
-60.0	300.721
-65.0	297.528
-70.0	299.900
-75.0	297.310
-80.0	294.194
-85.0	293.648
-90.0	296.292
-12000	296.292
2013-03-15 00:00:00	20	2
-0.0	313.728
-5.0	313.653
-10.0	311.921
-15.0	312.256
-20.0	312.218
-25.0	310.736
-30.0	308.445
-35.0	312.117
-40.0	314.898
-45.0	311.105
-50.0	310.269
-55.0	312.063
-60.0	314.295
-65.0	312.417
-70.0	312.670
-75.0	315.993
-80.0	316.712
-85.0	316.112
-90.0	318.020
-12000	318.020
2013-04-15 00:00:00	20	2
-0.0	324.227
-5.0	327.214
-10.0	326.258
-15.0	324.626
-20.0	322.474
-25.0	319.950
-30.0	318.260
-35.0	317.190
-40.0	317.472
-45.0	316.456
-50.0	314.133
-55.0	311.677
-60.0	311.376
-65.0	311.370
-70.0	310.126
-75.0	307.921
-80.0	307.208
-85.0	303.014
-90.0	303.636
-12000	303.636
2013-05-15 00:00:00	20	2
-0.0	309.389
-5.0	310.926
-10.0	311.851
-15.0	312.124
-20.0	311.884
-25.0	310.870
-30.0	307.922
-35.0	302.964
-40.0	300.626
-45.0	298.478
-50.0	292.418
-55.0	290.081
-60.0	290.305
-65.0	288.913
-70.0	286.546
-75.0	281.124
-80.0	282.140
-85.0	274.905
-90.0	279.182
-12000	279.182
2013-06-15 00:00:00	20	2
-0.0	289.988
-5.0	292.213
-10.0	291.909
-15.0	292.627
-20.0	291.340
-25.0	292.675
-30.0	291.947
-35.0	290.188
-40.0	288.310
-45.0	286.961
-50.0	284.967
-55.0	288.260
-60.0	289.862
-65.0	289.572
-70.0	288.234
-75.0	284.780
-80.0	281.972
-85.0	278.736
-90.0	277.391
-12000	277.391
2013-07-15 00:00:00	20	2
-0.0	268.478
-5.0	267.292
-10.0	268.997
-15.0	271.797
-20.0	275.121
-25.0	274.225
-30.0	275.688
-35.0	283.642
-40.0	279.010
-45.0	274.065
-50.0	271.442
-55.0	271.177
-60.0	275.847
-65.0	276.764
-70.0	275.666
-75.0	279.107
-80.0	277.378
-85.0	273.178
-90.0	276.183
-12000	276.183
2013-08-15 00:00:00	20	2
-0.0	256.791
-5.0	254.968
-10.0	255.341
-15.0	254.968
-20.0	255.295
-25.0	253.314
-30.0	251.525
-35.0	250.480
-40.0	247.280
-45.0	245.482
-50.0	243.104
-55.0	243.889
-60.0	252.054
-65.0	254.461
-70.0	254.619
-75.0	252.400
-80.0	251.720
-85.0	251.507
-90.0	257.306
-12000	257.306
2013-09-15 00:00:00	20	2
-0.0	257.631
-5.0	256.105
-10.0	256.819
-15.0	255.600
-20.0	255.212
-25.0	253.728
-30.0	251.711
-35.0	252.163
-40.0	245.052
-45.0	241.650
-50.0	239.194
-55.0	241.295
-60.0	243.302
-65.0	250.084
-70.0	249.203
-75.0	248.990
-80.0	251.316
-85.0	251.368
-90.0	256.056
-12000	256.056
2013-10-15 00:00:00	20	2
-0.0	261.676
-5.0	258.513
-10.0	258.093
-15.0	257.601
-20.0	258.766
-25.0	256.627
-30.0	255.768
-35.0	251.602
-40.0	245.061
-45.0	240.385
-50.0	235.334
-55.0	237.341
-60.0	237.572
-65.0	237.245
-70.0	233.686
-75.0	234.847
-80.0	232.044
-85.0	229.133
-90.0	235.440
-12000	235.440
2013-11-15 00:00:00	20	2
-0.0	274.930
-5.0	277.379
-10.0	276.410
-15.0	276.308
-20.0	275.267
-25.0	274.031
-30.0	273.051
-35.0	268.282
-40.0	267.299
-45.0	264.346
-50.0	256.639
-55.0	260.395
-60.0	255.166
-65.0	255.517
-70.0	236.987
-75.0	239.612
-80.0	240.251
-85.0	240.426
-90.0	253.531
-12000	253.531
2013-12-15 00:00:00	20	2
-0.0	286.170
-5.0	287.587
-10.0	282.545
-15.0	287.357
-20.0	286.791
-25.0	285.540
-30.0	284.943
-35.0	279.768
-40.0	277.795
-45.0	276.453
-50.0	267.353
-55.0	270.320
-60.0	267.155
-65.0	276.486
-70.0	273.258
-75.0	269.549
-80.0	263.741
-85.0	266.728
-90.0	270.641
-12000	270.641
2014-01-15 00:00:00	20	2
-0.0	298.440
-5.0	298.576
-10.0	297.811
-15.0	296.177
-20.0	295.381
-25.0	295.505
-30.0	295.624
-35.0	297.091
-40.0	297.771
-45.0	298.591
-50.0	298.104
-55.0	299.385
-60.0	297.507
-65.0	299.426
-70.0	297.858
-75.0	290.815
-80.0	287.722
-85.0	284.942
-90.0	287.999
-12000	287.999
2014-02-15 00:00:00	20	2
-0.0	304.286
-5.0	301.513
-10.0	301.362
-15.0	300.257
-20.0	298.286
-25.0	297.572
-30.0	296.505
-35.0	300.716
-40.0	301.177
-45.0	301.219
-50.0	300.125
-55.0	299.055
-60.0	300.721
-65.0	297.528
-70.0	299.900
-75.0	297.310
-80.0	294.194
-85.0	293.648
-90.0	296.292
-12000	296.292
2014-03-15 00:00:00	20	2
-0.0	313.728
-5.0	313.653
-10.0	311.921
-15.0	312.256
-20.0	312.218
-25.0	310.736
-30.0	308.445
-35.0	312.117
-40.0	314.898
-45.0	311.105
-50.0	310.269
-55.0	312.063
-60.0	314.295
-65.0	312.417
-70.0	312.670
-75.0	315.993
-80.0	316.712
-85.0	316.112
-90.0	318.020
-12000	318.020
2014-04-15 00:00:00	20	2
-0.0	324.227
-5.0	327.214
-10.0	326.258
-15.0	324.626
-20.0	322.474
-25.0	319.950
-30.0	318.260
-35.0	317.190
-40.0	317.472
-45.0	316.456
-50.0	314.133
-55.0	311.677
-60.0	311.376
-65.0	311.370
-70.0	310.126
-75.0	307.921
-80.0	307.208
-85.0	303.014
-90.0	303.636
-12000	303.636
2014-05-15 00:00:00	20	2
-0.0	309.389
-5.0	310.926
-10.0	311.851
-15.0	312.124
-20.0	311.884
-25.0	310.870
-30.0	307.922
-35.0	302.964
-40.0	300.626
-45.0	298.478
-50.0	292.418
-55.0	290.081
-60.0	290.305
-65.0	288.913
-70.0	286.546
-75.0	281.124
-80.0	282.140
-85.0	274.905
-90.0	279.182
-12000	279.182
2014-06-15 00:00:00	20	2
-0.0	289.988
-5.0	292.213
-10.0	291.909
-15.0	292.627
-20.0	291.340
-25.0	292.675
-30.0	291.947
-35.0	290.188
-40.0	288.310
-45.0	286.961
-50.0	284.967
-55.0	288.260
-60.0	289.862
-65.0	289.572
-70.0	288.234
-75.0	284.780
-80.0	281.972
-85.0	278.736
-90.0	277.391
-12000	277.391
2014-07-15 00:00:00	20	2
-0.0	268.478
-5.0	267.292
-10.0	268.997
-15.0	271.797
-20.0	275.121
-25.0	274.225
-30.0	275.688
-35.0	283.642
-40.0	279.010
-45.0	274.065
-50.0	271.442
-55.0	271.177
-60.0	275.847
-65.0	276.764
-70.0	275.666
-75.0	279.107
-80.0	277.378
-85.0	273.178
-90.0	276.183
-12000	276.183
2014-08-15 00:00:00	20	2
-0.0	256.791
-5.0	254.968
-10.0	255.341
-15.0	254.968
-20.0	255.295
-25.0	253.314
-30.0	251.525
-35.0	250.480
-40.0	247.280
-45.0	245.482
-50.0	243.104
-55.0	243.889
-60.0	252.054
-65.0	254.461
-70.0	254.619
-75.0	252.400
-80.0	251.720
-85.0	251.507
-90.0	257.306
-12000	257.306
2014-09-15 00:00:00	20	2
-0.0	257.631
-5.0	256.105
-10.0	256.819
-15.0	255.600
-20.0	255.212
-25.0	253.728
-30.0	251.711
-35.0	252.163
-40.0	245.052
-45.0	241.650
-50.0	239.194
-55.0	241.295
-60.0	243.302
-65.0	250.084
-70.0	249.203
-75.0	248.990
-80.0	251.316
-85.0	251.368
-90.0	256.056
-12000	256.056
2014-10-15 00:00:00	20	2
-0.0	261.676
-5.0	258.513
-10.0	258.093
-15.0	257.601
-20.0	258.766
-25.0	256.627
-30.0	255.768
-35.0	251.602
-40.0	245.061
-45.0	240.385
-50.0	235.334
-55.0	237.341
-60.0	237.572
-65.0	237.245
-70.0	233.686
-75.0	234.847
-80.0	232.044
-85.0	229.133
-90.0	235.440
-12000	235.440
2014-11-15 00:00:00	20	2
-0.0	274.930
-5.0	277.379
-10.0	276.410
-15.0	276.308
-20.0	275.267
-25.0	274.031
-30.0	273.051
-35.0	268.282
-40.0	267.299
-45.0	264.346
-50.0	256.639
-55.0	260.395
-60.0	255.166
-65.0	255.517
-70.0	236.987
-75.0	239.612
-80.0	240.251
-85.0	240.426
-90.0	253.531
-12000	253.531
2014-12-15 00:00:00	20	2
-0.0	286.170
-5.0	287.587
-10.0	282.545
-15.0	287.357
-20.0	286.791
-25.0	285.540
-30.0	284.943
-35.0	279.768
-40.0	277.795
-45.0	276.453
-50.0	267.353
-55.0	270.320
-60.0	267.155
-65.0	276.486
-70.0	273.258
-75.0	269.549
-80.0	263.741
-85.0	266.728
-90.0	270.641
-12000	270.641
2015-01-15 00:00:00	20	2
-0.0	298.440
-5.0	298.576
-10.0	297.811
-15.0	296.177
-20.0	295.381
-25.0	295.505
-30.0	295.624
-35.0	297.091
-40.0	297.771
-45.0	298.591
-50.0	298.104
-55.0	299.385
-60.0	297.507
-65.0	299.426
-70.0	297.858
-75.0	290.815
-80.0	287.722
-85.0	284.942
-90.0	287.999
-12000	287.999
2015-02-15 00:00:00	20	2
-0.0	304.286
-5.0	301.513
-10.0	301.362
-15.0	300.257
-20.0	298.286
-25.0	297.572
-30.0	296.505
-35.0	300.716
-40.0	301.177
-45.0	301.219
-50.0	300.125
-55.0	299.055
-60.0	300.721
-65.0	297.528
-70.0	299.900
-75.0	297.310
-80.0	294.194
-85.0	293.648
-90.0	296.292
-12000	296.292
2015-03-15 00:00:00	20	2
-0.0	313.728
-5.0	313.653
-10.0	311.921
-15.0	312.256
-20.0	312.218
-25.0	310.736
-30.0	308.445
-35.0	312.117
-40.0	314.898
-45.0	311.105
-50.0	310.269
-55.0	312.063
-60.0	314.295
-65.0	312.417
-70.0	312.670
-75.0	315.993
-80.0	316.712
-85.0	316.112
-90.0	318.020
-12000	318.020
2015-04-15 00:00:00	20	2
-0.0	324.227
-5.0	327.214
-10.0	326.258
-15.0	324.626
-20.0	322.474
-25.0	319.950
-30.0	318.260
-35.0	317.190
-40.0	317.472
-45.0	316.456
-50.0	314.133
-55.0	311.677
-60.0	311.376
-65.0	311.370
-70.0	310.126
-75.0	307.921
-80.0	307.208
-85.0	303.014
-90.0	303.636
-12000	303.636
2015-05-15 00:00:00	20	2
-0.0	309.389
-5.0	310.926
-10.0	311.851
-15.0	312.124
-20.0	311.884
-25.0	310.870
-30.0	307.922
-35.0	302.964
-40.0	300.626
-45.0	298.478
-50.0	292.418
-55.0	290.081
-60.0	290.305
-65.0	288.913
-70.0	286.546
-75.0	281.124
-80.0	282.140
-85.0	274.905
-90.0	279.182
-12000	279.182
2015-06-15 00:00:00	20	2
-0.0	289.988
-5.0	292.213
-10.0	291.909
-15.0	292.627
-20.0	291.340
-25.0	292.675
-30.0	291.947
-35.0	290.188
-40.0	288.310
-45.0	286.961
-50.0	284.967
-55.0	288.260
-60.0	289.862
-65.0	289.572
-70.0	288.234
-75.0	284.780
-80.0	281.972
-85.0	278.736
-90.0	277.391
-12000	277.391
2015-07-15 00:00:00	20	2
-0.0	268.478
-5.0	267.292
-10.0	268.997
-15.0	271.797
-20.0	275.121
-25.0	274.225
-30.0	275.688
-35.0	283.642
-40.0	279.010
-45.0	274.065
-50.0	271.442
-55.0	271.177
-60.0	275.847
-65.0	276.764
-70.0	275.666
-75.0	279.107
-80.0	277.378
-85.0	273.178
-90.0	276.183
-12000	276.183
2015-08-15 00:00:00	20	2
-0.0	256.791
-5.0	254.968
-10.0	255.341
-15.0	254.968
-20.0	255.295
-25.0	253.314
-30.0	251.525
-35.0	250.480
-40.0	247.280
-45.0	245.482
-50.0	243.104
-55.0	243.889
-60.0	252.054
-65.0	254.461
-70.0	254.619
-75.0	252.400
-80.0	251.720
-85.0	251.507
-90.0	257.306
-12000	257.306
2015-09-15 00:00:00	20	2
-0.0	257.631
-5.0	256.105
-10.0	256.819
-15.0	255.600
-20.0	255.212
-25.0	253.728
-30.0	251.711
-35.0	252.163
-40.0	245.052
-45.0	241.650
-50.0	239.194
-55.0	241.295
-60.0	243.302
-65.0	250.084
-70.0	249.203
-75.0	248.990
-80.0	251.316
-85.0	251.368
-90.0	256.056
-12000	256.056
2015-10-15 00:00:00	20	2
-0.0	261.676
-5.0	258.513
-10.0	258.093
-15.0	257.601
-20.0	258.766
-25.0	256.627
-30.0	255.768
-35.0	251.602
-40.0	245.061
-45.0	240.385
-50.0	235.334
-55.0	237.341
-60.0	237.572
-65.0	237.245
-70.0	233.686
-75.0	234.847
-80.0	232.044
-85.0	229.133
-90.0	235.440
-12000	235.440
2015-11-15 00:00:00	20	2
-0.0	274.930
-5.0	277.379
-10.0	276.410
-15.0	276.308
-20.0	275.267
-25.0	274.031
-30.0	273.051
-35.0	268.282
-40.0	267.299
-45.0	264.346
-50.0	256.639
-55.0	260.395
-60.0	255.166
-65.0	255.517
-70.0	236.987
-75.0	239.612
-80.0	240.251
-85.0	240.426
-90.0	253.531
-12000	253.531
2015-12-15 00:00:00	20	2
-0.0	286.170
-5.0	287.587
-10.0	282.545
-15.0	287.357
-20.0	286.791
-25.0	285.540
-30.0	284.943
-35.0	279.768
-40.0	277.795
-45.0	276.453
-50.0	267.353
-55.0	270.320
-60.0	267.155
-65.0	276.486
-70.0	273.258
-75.0	269.549
-80.0	263.741
-85.0	266.728
-90.0	270.641
-12000	270.641
2016-01-15 00:00:00	20	2
-0.0	298.440
-5.0	298.576
-10.0	297.811
-15.0	296.177
-20.0	295.381
-25.0	295.505
-30.0	295.624
-35.0	297.091
-40.0	297.771
-45.0	298.591
-50.0	298.104
-55.0	299.385
-60.0	297.507
-65.0	299.426
-70.0	297.858
-75.0	290.815
-80.0	287.722
-85.0	284.942
-90.0	287.999
-12000	287.999
2016-02-15 00:00:00	20	2
-0.0	304.286
-5.0	301.513
-10.0	301.362
-15.0	300.257
-20.0	298.286
-25.0	297.572
-30.0	296.505
-35.0	300.716
-40.0	301.177
-45.0	301.219
-50.0	300.125
-55.0	299.055
-60.0	300.721
-65.0	297.528
-70.0	299.900
-75.0	297.310
-80.0	294.194
-85.0	293.648
-90.0	296.292
-12000	296.292
2016-03-15 00:00:00	20	2
-0.0	313.728
-5.0	313.653
-10.0	311.921
-15.0	312.256
-20.0	312.218
-25.0	310.736
-30.0	308.445
-35.0	312.117
-40.0	314.898
-45.0	311.105
-50.0	310.269
-55.0	312.063
-60.0	314.295
-65.0	312.417
-70.0	312.670
-75.0	315.993
-80.0	316.712
-85.0	316.112
-90.0	318.020
-12000	318.020
2016-04-15 00:00:00	20	2
-0.0	324.227
-5.0	327.214
-10.0	326.258
-15.0	324.626
-20.0	322.474
-25.0	319.950
-30.0	318.260
-35.0	317.190
-40.0	317.472
-45.0	316.456
-50.0	314.133
-55.0	311.677
-60.0	311.376
-65.0	311.370
-70.0	310.126
-75.0	307.921
-80.0	307.208
-85.0	303.014
-90.0	303.636
-12000	303.636
2016-05-15 00:00:00	20	2
-0.0	309.389
-5.0	310.926
-10.0	311.851
-15.0	312.124
-20.0	311.884
-25.0	310.870
-30.0	307.922
-35.0	302.964
-40.0	300.626
-45.0	298.478
-50.0	292.418
-55.0	290.081
-60.0	290.305
-65.0	288.913
-70.0	286.546
-75.0	281.124
-80.0	282.140
-85.0	274.905
-90.0	279.182
-12000	279.182
2016-06-15 00:00:00	20	2
-0.0	289.988
-5.0	292.213
-10.0	291.909
-15.0	292.627
-20.0	291.340
-25.0	292.675
-30.0	291.947
-35.0	290.188
-40.0	288.310
-45.0	286.961
-50.0	284.967
-55.0	288.260
-60.0	289.862
-65.0	289.572
-70.0	288.234
-75.0	284.780
-80.0	281.972
-85.0	278.736
-90.0	277.391
-12000	277.391
2016-07-15 00:00:00	20	2
-0.0	268.478
-5.0	267.292
-10.0	268.997
-15.0	271.797
-20.0	275.121
-25.0	274.225
-30.0	275.688
-35.0	283.642
-40.0	279.010
-45.0	274.065
-50.0	271.442
-55.0	271.177
-60.0	275.847
-65.0	276.764
-70.0	275.666
-75.0	279.107
-80.0	277.378
-85.0	273.178
-90.0	276.183
-12000	276.183
2016-08-15 00:00:00	20	2
-0.0	256.791
-5.0	254.968
-10.0	255.341
-15.0	254.968
-20.0	255.295
-25.0	253.314
-30.0	251.525
-35.0	250.480
-40.0	247.280
-45.0	245.482
-50.0	243.104
-55.0	243.889
-60.0	252.054
-65.0	254.461
-70.0	254.619
-75.0	252.400
-80.0	251.720
-85.0	251.507
-90.0	257.306
-12000	257.306
2016-09-15 00:00:00	20	2
-0.0	257.631
-5.0	256.105
-10.0	256.819
-15.0	255.600
-20.0	255.212
-25.0	253.728
-30.0	251.711
-35.0	252.163
-40.0	245.052
-45.0	241.650
-50.0	239.194
-55.0	241.295
-60.0	243.302
-65.0	250.084
-70.0	249.203
-75.0	248.990
-80.0	251.316
-85.0	251.368
-90.0	256.056
-12000	256.056
2016-10-15 00:00:00	20	2
-0.0	261.676
-5.0	258.513
-10.0	258.093
-15.0	257.601
-20.0	258.766
-25.0	256.627
-30.0	255.768
-35.0	251.602
-40.0	245.061
-45.0	240.385
-50.0	235.334
-55.0	237.341
-60.0	237.572
-65.0	237.245
-70.0	233.686
-75.0	234.847
-80.0	232.044
-85.0	229.133
-90.0	235.440
-12000	235.440
2016-11-15 00:00:00	20	2
-0.0	274.930
-5.0	277.379
-10.0	276.410
-15.0	276.308
-20.0	275.267
-25.0	274.031
-30.0	273.051
-35.0	268.282
-40.0	267.299
-45.0	264.346
-50.0	256.639
-55.0	260.395
-60.0	255.166
-65.0	255.517
-70.0	236.987
-75.0	239.612
-80.0	240.251
-85.0	240.426
-90.0	253.531
-12000	253.531
2016-12-15 00:00:00	20	2
-0.0	286.170
-5.0	287.587
-10.0	282.545
-15.0	287.357
-20.0	286.791
-25.0	285.540
-30.0	284.943
-35.0	279.768
-40.0	277.795
-45.0	276.453
-50.0	267.353
-55.0	270.320
-60.0	267.155
-65.0	276.486
-70.0	273.258
-75.0	269.549
-80.0	263.741
-85.0	266.728
-90.0	270.641
-12000	270.641
2017-01-15 00:00:00	20	2
-0.0	298.440
-5.0	298.576
-10.0	297.811
-15.0	296.177
-20.0	295.381
-25.0	295.505
-30.0	295.624
-35.0	297.091
-40.0	297.771
-45.0	298.591
-50.0	298.104
-55.0	299.385
-60.0	297.507
-65.0	299.426
-70.0	297.858
-75.0	290.815
-80.0	287.722
-85.0	284.942
-90.0	287.999
-12000	287.999
2017-02-15 00:00:00	20	2
-0.0	304.286
-5.0	301.513
-10.0	301.362
-15.0	300.257
-20.0	298.286
-25.0	297.572
-30.0	296.505
-35.0	300.716
-40.0	301.177
-45.0	301.219
-50.0	300.125
-55.0	299.055
-60.0	300.721
-65.0	297.528
-70.0	299.900
-75.0	297.310
-80.0	294.194
-85.0	293.648
-90.0	296.292
-12000	296.292
2017-03-15 00:00:00	20	2
-0.0	313.728
-5.0	313.653
-10.0	311.921
-15.0	312.256
-20.0	312.218
-25.0	310.736
-30.0	308.445
-35.0	312.117
-40.0	314.898
-45.0	311.105
-50.0	310.269
-55.0	312.063
-60.0	314.295
-65.0	312.417
-70.0	312.670
-75.0	315.993
-80.0	316.712
-85.0	316.112
-90.0	318.020
-12000	318.020
2017-04-15 00:00:00	20	2
-0.0	324.227
-5.0	327.214
-10.0	326.258
-15.0	324.626
-20.0	322.474
-25.0	319.950
-30.0	318.260
-35.0	317.190
-40.0	317.472
-45.0	316.456
-50.0	314.133
-55.0	311.677
-60.0	311.376
-65.0	311.370
-70.0	310.126
-75.0	307.921
-80.0	307.208
-85.0	303.014
-90.0	303.636
-12000	303.636
2017-05-15 00:00:00	20	2
-0.0	309.389
-5.0	310.926
-10.0	311.851
-15.0	312.124
-20.0	311.884
-25.0	310.870
-30.0	307.922
-35.0	302.964
-40.0	300.626
-45.0	298.478
-50.0	292.418
-55.0	290.081
-60.0	290.305
-65.0	288.913
-70.0	286.546
-75.0	281.124
-80.0	282.140
-85.0	274.905
-90.0	279.182
-12000	279.182
2017-06-15 00:00:00	20	2
-0.0	289.988
-5.0	292.213
-10.0	291.909
-15.0	292.627
-20.0	291.340
-25.0	292.675
-30.0	291.947
-35.0	290.188
-40.0	288.310
-45.0	286.961
-50.0	284.967
-55.0	288.260
-60.0	289.862
-65.0	289.572
-70.0	288.234
-75.0	284.780
-80.0	281.972
-85.0	278.736
-90.0	277.391
-12000	277.391
2017-07-15 00:00:00	20	2
-0.0	268.478
-5.0	267.292
-10.0	268.997
-15.0	271.797
-20.0	275.121
-25.0	274.225
-30.0	275.688
-35.0	283.642
-40.0	279.010
-45.0	274.065
-50.0	271.442
-55.0	271.177
-60.0	275.847
-65.0	276.764
-70.0	275.666
-75.0	279.107
-80.0	277.378
-85.0	273.178
-90.0	276.183
-12000	276.183
2017-08-15 00:00:00	20	2
-0.0	256.791
-5.0	254.968
-10.0	255.341
-15.0	254.968
-20.0	255.295
-25.0	253.314
-30.0	251.525
-35.0	250.480
-40.0	247.280
-45.0	245.482
-50.0	243.104
-55.0	243.889
-60.0	252.054
-65.0	254.461
-70.0	254.619
-75.0	252.400
-80.0	251.720
-85.0	251.507
-90.0	257.306
-12000	257.306
2017-09-15 00:00:00	20	2
-0.0	257.631
-5.0	256.105
-10.0	256.819
-15.0	255.600
-20.0	255.212
-25.0	253.728
-30.0	251.711
-35.0	252.163
-40.0	245.052
-45.0	241.650
-50.0	239.194
-55.0	241.295
-60.0	243.302
-65.0	250.084
-70.0	249.203
-75.0	248.990
-80.0	251.316
-85.0	251.368
-90.0	256.056
-12000	256.056
2017-10-15 00:00:00	20	2
-0.0	261.676
-5.0	258.513
-10.0	258.093
-15.0	257.601
-20.0	258.766
-25.0	256.627
-30.0	255.768
-35.0	251.602
-40.0	245.061
-45.0	240.385
-50.0	235.334
-55.0	237.341
-60.0	237.572
-65.0	237.245
-70.0	233.686
-75.0	234.847
-80.0	232.044
-85.0	229.133
-90.0	235.440
-12000	235.440
2017-11-15 00:00:00	20	2
-0.0	274.930
-5.0	277.379
-10.0	276.410
-15.0	276.308
-20.0	275.267
-25.0	274.031
-30.0	273.051
-35.0	268.282
-40.0	267.299
-45.0	264.346
-50.0	256.639
-55.0	260.395
-60.0	255.166
-65.0	255.517
-70.0	236.987
-75.0	239.612
-80.0	240.251
-85.0	240.426
-90.0	253.531
-12000	253.531
2017-12-15 00:00:00	20	2
-0.0	286.170
-5.0	287.587
-10.0	282.545
-15.0	287.357
-20.0	286.791
-25.0	285.540
-30.0	284.943
-35.0	279.768
-40.0	277.795
-45.0	276.453
-50.0	267.353
-55.0	270.320
-60.0	267.155
-65.0	276.486
-70.0	273.258
-75.0	269.549
-80.0	263.741
-85.0	266.728
-90.0	270.641
-12000	270.641
2018-01-15 00:00:00	20	2
-0.0	298.440
-5.0	298.576
-10.0	297.811
-15.0	296.177
-20.0	295.381
-25.0	295.505
-30.0	295.624
-35.0	297.091
-40.0	297.771
-45.0	298.591
-50.0	298.104
-55.0	299.385
-60.0	297.507
-65.0	299.426
-70.0	297.858
-75.0	290.815
-80.0	287.722
-85.0	284.942
-90.0	287.999
-12000	287.999
2018-02-15 00:00:00	20	2
-0.0	304.286
-5.0	301.513
-10.0	301.362
-15.0	300.257
-20.0	298.286
-25.0	297.572
-30.0	296.505
-35.0	300.716
-40.0	301.177
-45.0	301.219
-50.0	300.125
-55.0	299.055
-60.0	300.721
-65.0	297.528
-70.0	299.900
-75.0	297.310
-80.0	294.194
-85.0	293.648
-90.0	296.292
-12000	296.292
2018-03-15 00:00:00	20	2
-0.0	313.728
-5.0	313.653
-10.0	311.921
-15.0	312.256
-20.0	312.218
-25.0	310.736
-30.0	308.445
-35.0	312.117
-40.0	314.898
-45.0	311.105
-50.0	310.269
-55.0	312.063
-60.0	314.295
-65.0	312.417
-70.0	312.670
-75.0	315.993
-80.0	316.712
-85.0	316.112
-90.0	318.020
-12000	318.020
2018-04-15 00:00:00	20	2
-0.0	324.227
-5.0	327.214
-10.0	326.258
-15.0	324.626
-20.0	322.474
-25.0	319.950
-30.0	318.260
-35.0	317.190
-40.0	317.472
-45.0	316.456
-50.0	314.133
-55.0	311.677
-60.0	311.376
-65.0	311.370
-70.0	310.126
-75.0	307.921
-80.0	307.208
-85.0	303.014
-90.0	303.636
-12000	303.636
2018-05-15 00:00:00	20	2
-0.0	309.389
-5.0	310.926
-10.0	311.851
-15.0	312.124
-20.0	311.884
-25.0	310.870
-30.0	307.922
-35.0	302.964
-40.0	300.626
-45.0	298.478
-50.0	292.418
-55.0	290.081
-60.0	290.305
-65.0	288.913
-70.0	286.546
-75.0	281.124
-80.0	282.140
-85.0	274.905
-90.0	279.182
-12000	279.182
2018-06-15 00:00:00	20	2
-0.0	289.988
-5.0	292.213
-10.0	291.909
-15.0	292.627
-20.0	291.340
-25.0	292.675
-30.0	291.947
-35.0	290.188
-40.0	288.310
-45.0	286.961
-50.0	284.967
-55.0	288.260
-60.0	289.862
-65.0	289.572
-70.0	288.234
-75.0	284.780
-80.0	281.972
-85.0	278.736
-90.0	277.391
-12000	277.391
2018-07-15 00:00:00	20	2
-0.0	268.478
-5.0	267.292
-10.0	268.997
-15.0	271.797
-20.0	275.121
-25.0	274.225
-30.0	275.688
-35.0	283.642
-40.0	279.010
-45.0	274.065
-50.0	271.442
-55.0	271.177
-60.0	275.847
-65.0	276.764
-70.0	275.666
-75.0	279.107
-80.0	277.378
-85.0	273.178
-90.0	276.183
-12000	276.183
2018-08-15 00:00:00	20	2
-0.0	256.791
-5.0	254.968
-10.0	255.341
-15.0	254.968
-20.0	255.295
-25.0	253.314
-30.0	251.525
-35.0	250.480
-40.0	247.280
-45.0	245.482
-50.0	243.104
-55.0	243.889
-60.0	252.054
-65.0	254.461
-70.0	254.619
-75.0	252.400
-80.0	251.720
-85.0	251.507
-90.0	257.306
-12000	257.306
2018-09-15 00:00:00	20	2
-0.0	257.631
-5.0	256.105
-10.0	256.819
-15.0	255.600
-20.0	255.212
-25.0	253.728
-30.0	251.711
-35.0	252.163
-40.0	245.052
-45.0	241.650
-50.0	239.194
-55.0	241.295
-60.0	243.302
-65.0	250.084
-70.0	249.203
-75.0	248.990
-80.0	251.316
-85.0	251.368
-90.0	256.056
-12000	256.056
2018-10-15 00:00:00	20	2
-0.0	261.676
-5.0	258.513
-10.0	258.093
-15.0	257.601
-20.0	258.766
-25.0	256.627
-30.0	255.768
-35.0	251.602
-40.0	245.061
-45.0	240.385
-50.0	235.334
-55.0	237.341
-60.0	237.572
-65.0	237.245
-70.0	233.686
-75.0	234.847
-80.0	232.044
-85.0	229.133
-90.0	235.440
-12000	235.440
2018-11-15 00:00:00	20	2
-0.0	274.930
-5.0	277.379
-10.0	276.410
-15.0	276.308
-20.0	275.267
-25.0	274.031
-30.0	273.051
-35.0	268.282
-40.0	267.299
-45.0	264.346
-50.0	256.639
-55.0	260.395
-60.0	255.166
-65.0	255.517
-70.0	236.987
-75.0	239.612
-80.0	240.251
-85.0	240.426
-90.0	253.531
-12000	253.531
2018-12-15 00:00:00	20	2
-0.0	286.170
-5.0	287.587
-10.0	282.545
-15.0	287.357
-20.0	286.791
-25.0	285.540
-30.0	284.943
-35.0	279.768
-40.0	277.795
-45.0	276.453
-50.0	267.353
-55.0	270.320
-60.0	267.155
-65.0	276.486
-70.0	273.258
-75.0	269.549
-80.0	263.741
-85.0	266.728
-90.0	270.641
-12000	270.641
2019-01-15 00:00:00	20	2
-0.0	298.440
-5.0	298.576
-10.0	297.811
-15.0	296.177
-20.0	295.381
-25.0	295.505
-30.0	295.624
-35.0	297.091
-40.0	297.771
-45.0	298.591
-50.0	298.104
-55.0	299.385
-60.0	297.507
-65.0	299.426
-70.0	297.858
-75.0	290.815
-80.0	287.722
-85.0	284.942
-90.0	287.999
-12000	287.999
2019-02-15 00:00:00	20	2
-0.0	304.286
-5.0	301.513
-10.0	301.362
-15.0	300.257
-20.0	298.286
-25.0	297.572
-30.0	296.505
-35.0	300.716
-40.0	301.177
-45.0	301.219
-50.0	300.125
-55.0	299.055
-60.0	300.721
-65.0	297.528
-70.0	299.900
-75.0	297.310
-80.0	294.194
-85.0	293.648
-90.0	296.292
-12000	296.292
2019-03-15 00:00:00	20	2
-0.0	313.728
-5.0	313.653
-10.0	311.921
-15.0	312.256
-20.0	312.218
-25.0	310.736
-30.0	308.445
-35.0	312.117
-40.0	314.898
-45.0	311.105
-50.0	310.269
-55.0	312.063
-60.0	314.295
-65.0	312.417
-70.0	312.670
-75.0	315.993
-80.0	316.712
-85.0	316.112
-90.0	318.020
-12000	318.020
2019-04-15 00:00:00	20	2
-0.0	324.227
-5.0	327.214
-10.0	326.258
-15.0	324.626
-20.0	322.474
-25.0	319.950
-30.0	318.260
-35.0	317.190
-40.0	317.472
-45.0	316.456
-50.0	314.133
-55.0	311.677
-60.0	311.376
-65.0	311.370
-70.0	310.126
-75.0	307.921
-80.0	307.208
-85.0	303.014
-90.0	303.636
-12000	303.636
2019-05-15 00:00:00	20	2
-0.0	309.389
-5.0	310.926
-10.0	311.851
-15.0	312.124
-20.0	311.884
-25.0	310.870
-30.0	307.922
-35.0	302.964
-40.0	300.626
-45.0	298.478
-50.0	292.418
-55.0	290.081
-60.0	290.305
-65.0	288.913
-70.0	286.546
-75.0	281.124
-80.0	282.140
-85.0	274.905
-90.0	279.182
-12000	279.182
2019-06-15 00:00:00	20	2
-0.0	289.988
-5.0	292.213
-10.0	291.909
-15.0	292.627
-20.0	291.340
-25.0	292.675
-30.0	291.947
-35.0	290.188
-40.0	288.310
-45.0	286.961
-50.0	284.967
-55.0	288.260
-60.0	289.862
-65.0	289.572
-70.0	288.234
-75.0	284.780
-80.0	281.972
-85.0	278.736
-90.0	277.391
-12000	277.391
2019-07-15 00:00:00	20	2
-0.0	268.478
-5.0	267.292
-10.0	268.997
-15.0	271.797
-20.0	275.121
-25.0	274.225
-30.0	275.688
-35.0	283.642
-40.0	279.010
-45.0	274.065
-50.0	271.442
-55.0	271.177
-60.0	275.847
-65.0	276.764
-70.0	275.666
-75.0	279.107
-80.0	277.378
-85.0	273.178
-90.0	276.183
-12000	276.183
2019-08-15 00:00:00	20	2
-0.0	256.791
-5.0	254.968
-10.0	255.341
-15.0	254.968
-20.0	255.295
-25.0	253.314
-30.0	251.525
-35.0	250.480
-40.0	247.280
-45.0	245.482
-50.0	243.104
-55.0	243.889
-60.0	252.054
-65.0	254.461
-70.0	254.619
-75.0	252.400
-80.0	251.720
-85.0	251.507
-90.0	257.306
-12000	257.306
2019-09-15 00:00:00	20	2
-0.0	257.631
-5.0	256.105
-10.0	256.819
-15.0	255.600
-20.0	255.212
-25.0	253.728
-30.0	251.711
-35.0	252.163
-40.0	245.052
-45.0	241.650
-50.0	239.194
-55.0	241.295
-60.0	243.302
-65.0	250.084
-70.0	249.203
-75.0	248.990
-80.0	251.316
-85.0	251.368
-90.0	256.056
-12000	256.056
2019-10-15 00:00:00	20	2
-0.0	261.676
-5.0	258.513
-10.0	258.093
-15.0	257.601
-20.0	258.766
-25.0	256.627
-30.0	255.768
-35.0	251.602
-40.0	245.061
-45.0	240.385
-50.0	235.334
-55.0	237.341
-60.0	237.572
-65.0	237.245
-70.0	233.686
-75.0	234.847
-80.0	232.044
-85.0	229.133
-90.0	235.440
-12000	235.440
2019-11-15 00:00:00	20	2
-0.0	274.930
-5.0	277.379
-10.0	276.410
-15.0	276.308
-20.0	275.267
-25.0	274.031
-30.0	273.051
-35.0	268.282
-40.0	267.299
-45.0	264.346
-50.0	256.639
-55.0	260.395
-60.0	255.166
-65.0	255.517
-70.0	236.987
-75.0	239.612
-80.0	240.251
-85.0	240.426
-90.0	253.531
-12000	253.531
2019-12-15 00:00:00	20	2
-0.0	286.170
-5.0	287.587
-10.0	282.545
-15.0	287.357
-20.0	286.791
-25.0	285.540
-30.0	284.943
-35.0	279.768
-40.0	277.795
-45.0	276.453
-50.0	267.353
-55.0	270.320
-60.0	267.155
-65.0	276.486
-70.0	273.258
-75.0	269.549
-80.0	263.741
-85.0	266.728
-90.0	270.641
-12000	270.641
2020-01-15 00:00:00	20	2
-0.0	298.440
-5.0	298.576
-10.0	297.811
-15.0	296.177
-20.0	295.381
-25.0	295.505
-30.0	295.624
-35.0	297.091
-40.0	297.771
-45.0	298.591
-50.0	298.104
-55.0	299.385
-60.0	297.507
-65.0	299.426
-70.0	297.858
-75.0	290.815
-80.0	287.722
-85.0	284.942
-90.0	287.999
-12000	287.999
2020-02-15 00:00:00	20	2
-0.0	304.286
-5.0	301.513
-10.0	301.362
-15.0	300.257
-20.0	298.286
-25.0	297.572
-30.0	296.505
-35.0	300.716
-40.0	301.177
-45.0	301.219
-50.0	300.125
-55.0	299.055
-60.0	300.721
-65.0	297.528
-70.0	299.900
-75.0	297.310
-80.0	294.194
-85.0	293.648
-90.0	296.292
-12000	296.292
2020-03-15 00:00:00	20	2
-0.0	313.728
-5.0	313.653
-10.0	311.921
-15.0	312.256
-20.0	312.218
-25.0	310.736
-30.0	308.445
-35.0	312.117
-40.0	314.898
-45.0	311.105
-50.0	310.269
-55.0	312.063
-60.0	314.295
-65.0	312.417
-70.0	312.670
-75.0	315.993
-80.0	316.712
-85.0	316.112
-90.0	318.020
-12000	318.020
2020-04-15 00:00:00	20	2
-0.0	324.227
-5.0	327.214
-10.0	326.258
-15.0	324.626
-20.0	322.474
-25.0	319.950
-30.0	318.260
-35.0	317.190
-40.0	317.472
-45.0	316.456
-50.0	314.133
-55.0	311.677
-60.0	311.376
-65.0	311.370
-70.0	310.126
-75.0	307.921
-80.0	307.208
-85.0	303.014
-90.0	303.636
-12000	303.636
2020-05-15 00:00:00	20	2
-0.0	309.389
-5.0	310.926
-10.0	311.851
-15.0	312.124
-20.0	311.884
-25.0	310.870
-30.0	307.922
-35.0	302.964
-40.0	300.626
-45.0	298.478
-50.0	292.418
-55.0	290.081
-60.0	290.305
-65.0	288.913
-70.0	286.546
-75.0	281.124
-80.0	282.140
-85.0	274.905
-90.0	279.182
-12000	279.182
2020-06-15 00:00:00	20	2
-0.0	289.988
-5.0	292.213
-10.0	291.909
-15.0	292.627
-20.0	291.340
-25.0	292.675
-30.0	291.947
-35.0	290.188
-40.0	288.310
-45.0	286.961
-50.0	284.967
-55.0	288.260
-60.0	289.862
-65.0	289.572
-70.0	288.234
-75.0	284.780
-80.0	281.972
-85.0	278.736
-90.0	277.391
-12000	277.391
2020-07-15 00:00:00	20	2
-0.0	268.478
-5.0	267.292
-10.0	268.997
-15.0	271.797
-20.0	275.121
-25.0	274.225
-30.0	275.688
-35.0	283.642
-40.0	279.010
-45.0	274.065
-50.0	271.442
-55.0	271.177
-60.0	275.847
-65.0	276.764
-70.0	275.666
-75.0	279.107
-80.0	277.378
-85.0	273.178
-90.0	276.183
-12000	276.183
2020-08-15 00:00:00	20	2
-0.0	256.791
-5.0	254.968
-10.0	255.341
-15.0	254.968
-20.0	255.295
-25.0	253.314
-30.0	251.525
-35.0	250.480
-40.0	247.280
-45.0	245.482
-50.0	243.104
-55.0	243.889
-60.0	252.054
-65.0	254.461
-70.0	254.619
-75.0	252.400
-80.0	251.720
-85.0	251.507
-90.0	257.306
-12000	257.306
2020-09-15 00:00:00	20	2
-0.0	257.631
-5.0	256.105
-10.0	256.819
-15.0	255.600
-20.0	255.212
-25.0	253.728
-30.0	251.711
-35.0	252.163
-40.0	245.052
-45.0	241.650
-50.0	239.194
-55.0	241.295
-60.0	243.302
-65.0	250.084
-70.0	249.203
-75.0	248.990
-80.0	251.316
-85.0	251.368
-90.0	256.056
-12000	256.056
2020-10-15 00:00:00	20	2
-0.0	261.676
-5.0	258.513
-10.0	258.093
-15.0	257.601
-20.0	258.766
-25.0	256.627
-30.0	255.768
-35.0	251.602
-40.0	245.061
-45.0	240.385
-50.0	235.334
-55.0	237.341
-60.0	237.572
-65.0	237.245
-70.0	233.686
-75.0	234.847
-80.0	232.044
-85.0	229.133
-90.0	235.440
-12000	235.440
2020-11-15 00:00:00	20	2
-0.0	274.930
-5.0	277.379
-10.0	276.410
-15.0	276.308
-20.0	275.267
-25.0	274.031
-30.0	273.051
-35.0	268.282
-40.0	267.299
-45.0	264.346
-50.0	256.639
-55.0	260.395
-60.0	255.166
-65.0	255.517
-70.0	236.987
-75.0	239.612
-80.0	240.251
-85.0	240.426
-90.0	253.531
-12000	253.531
2020-12-15 00:00:00	20	2
-0.0	286.170
-5.0	287.587
-10.0	282.545
-15.0	287.357
-20.0	286.791
-25.0	285.540
-30.0	284.943
-35.0	279.768
-40.0	277.795
-45.0	276.453
-50.0	267.353
-55.0	270.320
-60.0	267.155
-65.0	276.486
-70.0	273.258
-75.0	269.549
-80.0	263.741
-85.0	266.728
-90.0	270.641
-12000	270.641
2021-01-15 00:00:00	20	2
-0.0	298.440
-5.0	298.576
-10.0	297.811
-15.0	296.177
-20.0	295.381
-25.0	295.505
-30.0	295.624
-35.0	297.091
-40.0	297.771
-45.0	298.591
-50.0	298.104
-55.0	299.385
-60.0	297.507
-65.0	299.426
-70.0	297.858
-75.0	290.815
-80.0	287.722
-85.0	284.942
-90.0	287.999
-12000	287.999
