1999-12-15 00:00:00	20	2
-0.0	0.531
-5.0	0.571
-10.0	0.553
-15.0	0.574
-20.0	0.570
-25.0	0.568
-30.0	0.555
-35.0	0.529
-40.0	0.534
-45.0	0.549
-50.0	0.531
-55.0	0.553
-60.0	0.557
-65.0	0.595
-70.0	0.578
-75.0	0.588
-80.0	0.605
-85.0	0.566
-90.0	0.577
-12000	0.577
2000-01-15 00:00:00	20	2
-0.0	0.644
-5.0	0.629
-10.0	0.621
-15.0	0.623
-20.0	0.621
-25.0	0.618
-30.0	0.609
-35.0	0.532
-40.0	0.547
-45.0	0.536
-50.0	0.541
-55.0	0.528
-60.0	0.560
-65.0	0.572
-70.0	0.592
-75.0	0.625
-80.0	0.554
-85.0	0.553
-90.0	0.682
-12000	0.682
2000-02-15 00:00:00	20	2
-0.0	0.598
-5.0	0.582
-10.0	0.575
-15.0	0.570
-20.0	0.569
-25.0	0.567
-30.0	0.580
-35.0	0.553
-40.0	0.566
-45.0	0.570
-50.0	0.570
-55.0	0.595
-60.0	0.628
-65.0	0.658
-70.0	0.647
-75.0	0.622
-80.0	0.651
-85.0	0.624
-90.0	0.723
-12000	0.723
2000-03-15 00:00:00	20	2
-0.0	0.589
-5.0	0.596
-10.0	0.603
-15.0	0.601
-20.0	0.603
-25.0	0.610
-30.0	0.614
-35.0	0.570
-40.0	0.589
-45.0	0.588
-50.0	0.590
-55.0	0.567
-60.0	0.577
-65.0	0.613
-70.0	0.618
-75.0	0.633
-80.0	0.640
-85.0	0.573
-90.0	0.702
-12000	0.702
2000-04-15 00:00:00	20	2
-0.0	0.378
-5.0	0.362
-10.0	0.382
-15.0	0.384
-20.0	0.388
-25.0	0.399
-30.0	0.425
-35.0	0.452
-40.0	0.476
-45.0	0.503
-50.0	0.513
-55.0	0.549
-60.0	0.565
-65.0	0.581
-70.0	0.599
-75.0	0.586
-80.0	0.593
-85.0	0.584
-90.0	0.625
-12000	0.625
2000-05-15 00:00:00	20	2
-0.0	0.201
-5.0	0.187
-10.0	0.199
-15.0	0.209
-20.0	0.219
-25.0	0.245
-30.0	0.269
-35.0	0.302
-40.0	0.341
-45.0	0.373
-50.0	0.412
-55.0	0.437
-60.0	0.489
-65.0	0.522
-70.0	0.535
-75.0	0.558
-80.0	0.521
-85.0	0.595
-90.0	0.630
-12000	0.630
2000-06-15 00:00:00	20	2
-0.0	0.182
-5.0	0.158
-10.0	0.160
-15.0	0.171
-20.0	0.189
-25.0	0.225
-30.0	0.268
-35.0	0.325
-40.0	0.387
-45.0	0.439
-50.0	0.505
-55.0	0.548
-60.0	0.583
-65.0	0.612
-70.0	0.616
-75.0	0.663
-80.0	0.659
-85.0	0.697
-90.0	0.732
-12000	0.732
2000-07-15 00:00:00	20	2
-0.0	0.189
-5.0	0.177
-10.0	0.181
-15.0	0.189
-20.0	0.206
-25.0	0.244
-30.0	0.287
-35.0	0.351
-40.0	0.430
-45.0	0.494
-50.0	0.552
-55.0	0.611
-60.0	0.637
-65.0	0.661
-70.0	0.693
-75.0	0.723
-80.0	0.708
-85.0	0.659
-90.0	0.736
-12000	0.736
2000-08-15 00:00:00	20	2
-0.0	0.135
-5.0	0.137
-10.0	0.131
-15.0	0.148
-20.0	0.146
-25.0	0.187
-30.0	0.215
-35.0	0.279
-40.0	0.359
-45.0	0.428
-50.0	0.500
-55.0	0.548
-60.0	0.594
-65.0	0.627
-70.0	0.649
-75.0	0.692
-80.0	0.728
-85.0	0.687
-90.0	0.727
-12000	0.727
2000-09-15 00:00:00	20	2
-0.0	0.196
-5.0	0.197
-10.0	0.200
-15.0	0.209
-20.0	0.218
-25.0	0.240
-30.0	0.269
-35.0	0.298
-40.0	0.384
-45.0	0.472
-50.0	0.536
-55.0	0.620
-60.0	0.643
-65.0	0.711
-70.0	0.754
-75.0	0.772
-80.0	0.820
-85.0	0.731
-90.0	0.669
-12000	0.669
2000-10-15 00:00:00	20	2
-0.0	0.297
-5.0	0.307
-10.0	0.294
-15.0	0.292
-20.0	0.312
-25.0	0.318
-30.0	0.351
-35.0	0.389
-40.0	0.479
-45.0	0.479
-50.0	0.513
-55.0	0.603
-60.0	0.645
-65.0	0.705
-70.0	0.712
-75.0	0.792
-80.0	0.794
-85.0	0.724
-90.0	0.768
-12000	0.768
2000-11-15 00:00:00	20	2
-0.0	0.436
-5.0	0.431
-10.0	0.425
-15.0	0.422
-20.0	0.424
-25.0	0.428
-30.0	0.430
-35.0	0.429
-40.0	0.437
-45.0	0.448
-50.0	0.460
-55.0	0.485
-60.0	0.523
-65.0	0.586
-70.0	0.592
-75.0	0.631
-80.0	0.658
-85.0	0.623
-90.0	0.616
-12000	0.616
2000-12-15 00:00:00	20	2
-0.0	0.531
-5.0	0.571
-10.0	0.553
-15.0	0.574
-20.0	0.570
-25.0	0.568
-30.0	0.555
-35.0	0.529
-40.0	0.534
-45.0	0.549
-50.0	0.531
-55.0	0.553
-60.0	0.557
-65.0	0.595
-70.0	0.578
-75.0	0.588
-80.0	0.605
-85.0	0.566
-90.0	0.577
-12000	0.577
2001-01-15 00:00:00	20	2
-0.0	0.644
-5.0	0.629
-10.0	0.621
-15.0	0.623
-20.0	0.621
-25.0	0.618
-30.0	0.609
-35.0	0.532
-40.0	0.547
-45.0	0.536
-50.0	0.541
-55.0	0.528
-60.0	0.560
-65.0	0.572
-70.0	0.592
-75.0	0.625
-80.0	0.554
-85.0	0.553
-90.0	0.682
-12000	0.682
2001-02-15 00:00:00	20	2
-0.0	0.598
-5.0	0.582
-10.0	0.575
-15.0	0.570
-20.0	0.569
-25.0	0.567
-30.0	0.580
-35.0	0.553
-40.0	0.566
-45.0	0.570
-50.0	0.570
-55.0	0.595
-60.0	0.628
-65.0	0.658
-70.0	0.647
-75.0	0.622
-80.0	0.651
-85.0	0.624
-90.0	0.723
-12000	0.723
2001-03-15 00:00:00	20	2
-0.0	0.589
-5.0	0.596
-10.0	0.603
-15.0	0.601
-20.0	0.603
-25.0	0.610
-30.0	0.614
-35.0	0.570
-40.0	0.589
-45.0	0.588
-50.0	0.590
-55.0	0.567
-60.0	0.577
-65.0	0.613
-70.0	0.618
-75.0	0.633
-80.0	0.640
-85.0	0.573
-90.0	0.702
-12000	0.702
2001-04-15 00:00:00	20	2
-0.0	0.378
-5.0	0.362
-10.0	0.382
-15.0	0.384
-20.0	0.388
-25.0	0.399
-30.0	0.425
-35.0	0.452
-40.0	0.476
-45.0	0.503
-50.0	0.513
-55.0	0.549
-60.0	0.565
-65.0	0.581
-70.0	0.599
-75.0	0.586
-80.0	0.593
-85.0	0.584
-90.0	0.625
-12000	0.625
2001-05-15 00:00:00	20	2
-0.0	0.201
-5.0	0.187
-10.0	0.199
-15.0	0.209
-20.0	0.219
-25.0	0.245
-30.0	0.269
-35.0	0.302
-40.0	0.341
-45.0	0.373
-50.0	0.412
-55.0	0.437
-60.0	0.489
-65.0	0.522
-70.0	0.535
-75.0	0.558
-80.0	0.521
-85.0	0.595
-90.0	0.630
-12000	0.630
2001-06-15 00:00:00	20	2
-0.0	0.182
-5.0	0.158
-10.0	0.160
-15.0	0.171
-20.0	0.189
-25.0	0.225
-30.0	0.268
-35.0	0.325
-40.0	0.387
-45.0	0.439
-50.0	0.505
-55.0	0.548
-60.0	0.583
-65.0	0.612
-70.0	0.616
-75.0	0.663
-80.0	0.659
-85.0	0.697
-90.0	0.732
-12000	0.732
2001-07-15 00:00:00	20	2
-0.0	0.189
-5.0	0.177
-10.0	0.181
-15.0	0.189
-20.0	0.206
-25.0	0.244
-30.0	0.287
-35.0	0.351
-40.0	0.430
-45.0	0.494
-50.0	0.552
-55.0	0.611
-60.0	0.637
-65.0	0.661
-70.0	0.693
-75.0	0.723
-80.0	0.708
-85.0	0.659
-90.0	0.736
-12000	0.736
2001-08-15 00:00:00	20	2
-0.0	0.135
-5.0	0.137
-10.0	0.131
-15.0	0.148
-20.0	0.146
-25.0	0.187
-30.0	0.215
-35.0	0.279
-40.0	0.359
-45.0	0.428
-50.0	0.500
-55.0	0.548
-60.0	0.594
-65.0	0.627
-70.0	0.649
-75.0	0.692
-80.0	0.728
-85.0	0.687
-90.0	0.727
-12000	0.727
2001-09-15 00:00:00	20	2
-0.0	0.196
-5.0	0.197
-10.0	0.200
-15.0	0.209
-20.0	0.218
-25.0	0.240
-30.0	0.269
-35.0	0.298
-40.0	0.384
-45.0	0.472
-50.0	0.536
-55.0	0.620
-60.0	0.643
-65.0	0.711
-70.0	0.754
-75.0	0.772
-80.0	0.820
-85.0	0.731
-90.0	0.669
-12000	0.669
2001-10-15 00:00:00	20	2
-0.0	0.297
-5.0	0.307
-10.0	0.294
-15.0	0.292
-20.0	0.312
-25.0	0.318
-30.0	0.351
-35.0	0.389
-40.0	0.479
-45.0	0.479
-50.0	0.513
-55.0	0.603
-60.0	0.645
-65.0	0.705
-70.0	0.712
-75.0	0.792
-80.0	0.794
-85.0	0.724
-90.0	0.768
-12000	0.768
2001-11-15 00:00:00	20	2
-0.0	0.436
-5.0	0.431
-10.0	0.425
-15.0	0.422
-20.0	0.424
-25.0	0.428
-30.0	0.430
-35.0	0.429
-40.0	0.437
-45.0	0.448
-50.0	0.460
-55.0	0.485
-60.0	0.523
-65.0	0.586
-70.0	0.592
-75.0	0.631
-80.0	0.658
-85.0	0.623
-90.0	0.616
-12000	0.616
2001-12-15 00:00:00	20	2
-0.0	0.531
-5.0	0.571
-10.0	0.553
-15.0	0.574
-20.0	0.570
-25.0	0.568
-30.0	0.555
-35.0	0.529
-40.0	0.534
-45.0	0.549
-50.0	0.531
-55.0	0.553
-60.0	0.557
-65.0	0.595
-70.0	0.578
-75.0	0.588
-80.0	0.605
-85.0	0.566
-90.0	0.577
-12000	0.577
2002-01-15 00:00:00	20	2
-0.0	0.644
-5.0	0.629
-10.0	0.621
-15.0	0.623
-20.0	0.621
-25.0	0.618
-30.0	0.609
-35.0	0.532
-40.0	0.547
-45.0	0.536
-50.0	0.541
-55.0	0.528
-60.0	0.560
-65.0	0.572
-70.0	0.592
-75.0	0.625
-80.0	0.554
-85.0	0.553
-90.0	0.682
-12000	0.682
2002-02-15 00:00:00	20	2
-0.0	0.598
-5.0	0.582
-10.0	0.575
-15.0	0.570
-20.0	0.569
-25.0	0.567
-30.0	0.580
-35.0	0.553
-40.0	0.566
-45.0	0.570
-50.0	0.570
-55.0	0.595
-60.0	0.628
-65.0	0.658
-70.0	0.647
-75.0	0.622
-80.0	0.651
-85.0	0.624
-90.0	0.723
-12000	0.723
2002-03-15 00:00:00	20	2
-0.0	0.589
-5.0	0.596
-10.0	0.603
-15.0	0.601
-20.0	0.603
-25.0	0.610
-30.0	0.614
-35.0	0.570
-40.0	0.589
-45.0	0.588
-50.0	0.590
-55.0	0.567
-60.0	0.577
-65.0	0.613
-70.0	0.618
-75.0	0.633
-80.0	0.640
-85.0	0.573
-90.0	0.702
-12000	0.702
2002-04-15 00:00:00	20	2
-0.0	0.378
-5.0	0.362
-10.0	0.382
-15.0	0.384
-20.0	0.388
-25.0	0.399
-30.0	0.425
-35.0	0.452
-40.0	0.476
-45.0	0.503
-50.0	0.513
-55.0	0.549
-60.0	0.565
-65.0	0.581
-70.0	0.599
-75.0	0.586
-80.0	0.593
-85.0	0.584
-90.0	0.625
-12000	0.625
2002-05-15 00:00:00	20	2
-0.0	0.201
-5.0	0.187
-10.0	0.199
-15.0	0.209
-20.0	0.219
-25.0	0.245
-30.0	0.269
-35.0	0.302
-40.0	0.341
-45.0	0.373
-50.0	0.412
-55.0	0.437
-60.0	0.489
-65.0	0.522
-70.0	0.535
-75.0	0.558
-80.0	0.521
-85.0	0.595
-90.0	0.630
-12000	0.630
2002-06-15 00:00:00	20	2
-0.0	0.182
-5.0	0.158
-10.0	0.160
-15.0	0.171
-20.0	0.189
-25.0	0.225
-30.0	0.268
-35.0	0.325
-40.0	0.387
-45.0	0.439
-50.0	0.505
-55.0	0.548
-60.0	0.583
-65.0	0.612
-70.0	0.616
-75.0	0.663
-80.0	0.659
-85.0	0.697
-90.0	0.732
-12000	0.732
2002-07-15 00:00:00	20	2
-0.0	0.189
-5.0	0.177
-10.0	0.181
-15.0	0.189
-20.0	0.206
-25.0	0.244
-30.0	0.287
-35.0	0.351
-40.0	0.430
-45.0	0.494
-50.0	0.552
-55.0	0.611
-60.0	0.637
-65.0	0.661
-70.0	0.693
-75.0	0.723
-80.0	0.708
-85.0	0.659
-90.0	0.736
-12000	0.736
2002-08-15 00:00:00	20	2
-0.0	0.135
-5.0	0.137
-10.0	0.131
-15.0	0.148
-20.0	0.146
-25.0	0.187
-30.0	0.215
-35.0	0.279
-40.0	0.359
-45.0	0.428
-50.0	0.500
-55.0	0.548
-60.0	0.594
-65.0	0.627
-70.0	0.649
-75.0	0.692
-80.0	0.728
-85.0	0.687
-90.0	0.727
-12000	0.727
2002-09-15 00:00:00	20	2
-0.0	0.196
-5.0	0.197
-10.0	0.200
-15.0	0.209
-20.0	0.218
-25.0	0.240
-30.0	0.269
-35.0	0.298
-40.0	0.384
-45.0	0.472
-50.0	0.536
-55.0	0.620
-60.0	0.643
-65.0	0.711
-70.0	0.754
-75.0	0.772
-80.0	0.820
-85.0	0.731
-90.0	0.669
-12000	0.669
2002-10-15 00:00:00	20	2
-0.0	0.297
-5.0	0.307
-10.0	0.294
-15.0	0.292
-20.0	0.312
-25.0	0.318
-30.0	0.351
-35.0	0.389
-40.0	0.479
-45.0	0.479
-50.0	0.513
-55.0	0.603
-60.0	0.645
-65.0	0.705
-70.0	0.712
-75.0	0.792
-80.0	0.794
-85.0	0.724
-90.0	0.768
-12000	0.768
2002-11-15 00:00:00	20	2
-0.0	0.436
-5.0	0.431
-10.0	0.425
-15.0	0.422
-20.0	0.424
-25.0	0.428
-30.0	0.430
-35.0	0.429
-40.0	0.437
-45.0	0.448
-50.0	0.460
-55.0	0.485
-60.0	0.523
-65.0	0.586
-70.0	0.592
-75.0	0.631
-80.0	0.658
-85.0	0.623
-90.0	0.616
-12000	0.616
2002-12-15 00:00:00	20	2
-0.0	0.531
-5.0	0.571
-10.0	0.553
-15.0	0.574
-20.0	0.570
-25.0	0.568
-30.0	0.555
-35.0	0.529
-40.0	0.534
-45.0	0.549
-50.0	0.531
-55.0	0.553
-60.0	0.557
-65.0	0.595
-70.0	0.578
-75.0	0.588
-80.0	0.605
-85.0	0.566
-90.0	0.577
-12000	0.577
2003-01-15 00:00:00	20	2
-0.0	0.644
-5.0	0.629
-10.0	0.621
-15.0	0.623
-20.0	0.621
-25.0	0.618
-30.0	0.609
-35.0	0.532
-40.0	0.547
-45.0	0.536
-50.0	0.541
-55.0	0.528
-60.0	0.560
-65.0	0.572
-70.0	0.592
-75.0	0.625
-80.0	0.554
-85.0	0.553
-90.0	0.682
-12000	0.682
2003-02-15 00:00:00	20	2
-0.0	0.598
-5.0	0.582
-10.0	0.575
-15.0	0.570
-20.0	0.569
-25.0	0.567
-30.0	0.580
-35.0	0.553
-40.0	0.566
-45.0	0.570
-50.0	0.570
-55.0	0.595
-60.0	0.628
-65.0	0.658
-70.0	0.647
-75.0	0.622
-80.0	0.651
-85.0	0.624
-90.0	0.723
-12000	0.723
2003-03-15 00:00:00	20	2
-0.0	0.589
-5.0	0.596
-10.0	0.603
-15.0	0.601
-20.0	0.603
-25.0	0.610
-30.0	0.614
-35.0	0.570
-40.0	0.589
-45.0	0.588
-50.0	0.590
-55.0	0.567
-60.0	0.577
-65.0	0.613
-70.0	0.618
-75.0	0.633
-80.0	0.640
-85.0	0.573
-90.0	0.702
-12000	0.702
2003-04-15 00:00:00	20	2
-0.0	0.378
-5.0	0.362
-10.0	0.382
-15.0	0.384
-20.0	0.388
-25.0	0.399
-30.0	0.425
-35.0	0.452
-40.0	0.476
-45.0	0.503
-50.0	0.513
-55.0	0.549
-60.0	0.565
-65.0	0.581
-70.0	0.599
-75.0	0.586
-80.0	0.593
-85.0	0.584
-90.0	0.625
-12000	0.625
2003-05-15 00:00:00	20	2
-0.0	0.201
-5.0	0.187
-10.0	0.199
-15.0	0.209
-20.0	0.219
-25.0	0.245
-30.0	0.269
-35.0	0.302
-40.0	0.341
-45.0	0.373
-50.0	0.412
-55.0	0.437
-60.0	0.489
-65.0	0.522
-70.0	0.535
-75.0	0.558
-80.0	0.521
-85.0	0.595
-90.0	0.630
-12000	0.630
2003-06-15 00:00:00	20	2
-0.0	0.182
-5.0	0.158
-10.0	0.160
-15.0	0.171
-20.0	0.189
-25.0	0.225
-30.0	0.268
-35.0	0.325
-40.0	0.387
-45.0	0.439
-50.0	0.505
-55.0	0.548
-60.0	0.583
-65.0	0.612
-70.0	0.616
-75.0	0.663
-80.0	0.659
-85.0	0.697
-90.0	0.732
-12000	0.732
2003-07-15 00:00:00	20	2
-0.0	0.189
-5.0	0.177
-10.0	0.181
-15.0	0.189
-20.0	0.206
-25.0	0.244
-30.0	0.287
-35.0	0.351
-40.0	0.430
-45.0	0.494
-50.0	0.552
-55.0	0.611
-60.0	0.637
-65.0	0.661
-70.0	0.693
-75.0	0.723
-80.0	0.708
-85.0	0.659
-90.0	0.736
-12000	0.736
2003-08-15 00:00:00	20	2
-0.0	0.135
-5.0	0.137
-10.0	0.131
-15.0	0.148
-20.0	0.146
-25.0	0.187
-30.0	0.215
-35.0	0.279
-40.0	0.359
-45.0	0.428
-50.0	0.500
-55.0	0.548
-60.0	0.594
-65.0	0.627
-70.0	0.649
-75.0	0.692
-80.0	0.728
-85.0	0.687
-90.0	0.727
-12000	0.727
2003-09-15 00:00:00	20	2
-0.0	0.196
-5.0	0.197
-10.0	0.200
-15.0	0.209
-20.0	0.218
-25.0	0.240
-30.0	0.269
-35.0	0.298
-40.0	0.384
-45.0	0.472
-50.0	0.536
-55.0	0.620
-60.0	0.643
-65.0	0.711
-70.0	0.754
-75.0	0.772
-80.0	0.820
-85.0	0.731
-90.0	0.669
-12000	0.669
2003-10-15 00:00:00	20	2
-0.0	0.297
-5.0	0.307
-10.0	0.294
-15.0	0.292
-20.0	0.312
-25.0	0.318
-30.0	0.351
-35.0	0.389
-40.0	0.479
-45.0	0.479
-50.0	0.513
-55.0	0.603
-60.0	0.645
-65.0	0.705
-70.0	0.712
-75.0	0.792
-80.0	0.794
-85.0	0.724
-90.0	0.768
-12000	0.768
2003-11-15 00:00:00	20	2
-0.0	0.436
-5.0	0.431
-10.0	0.425
-15.0	0.422
-20.0	0.424
-25.0	0.428
-30.0	0.430
-35.0	0.429
-40.0	0.437
-45.0	0.448
-50.0	0.460
-55.0	0.485
-60.0	0.523
-65.0	0.586
-70.0	0.592
-75.0	0.631
-80.0	0.658
-85.0	0.623
-90.0	0.616
-12000	0.616
2003-12-15 00:00:00	20	2
-0.0	0.531
-5.0	0.571
-10.0	0.553
-15.0	0.574
-20.0	0.570
-25.0	0.568
-30.0	0.555
-35.0	0.529
-40.0	0.534
-45.0	0.549
-50.0	0.531
-55.0	0.553
-60.0	0.557
-65.0	0.595
-70.0	0.578
-75.0	0.588
-80.0	0.605
-85.0	0.566
-90.0	0.577
-12000	0.577
2004-01-15 00:00:00	20	2
-0.0	0.644
-5.0	0.629
-10.0	0.621
-15.0	0.623
-20.0	0.621
-25.0	0.618
-30.0	0.609
-35.0	0.532
-40.0	0.547
-45.0	0.536
-50.0	0.541
-55.0	0.528
-60.0	0.560
-65.0	0.572
-70.0	0.592
-75.0	0.625
-80.0	0.554
-85.0	0.553
-90.0	0.682
-12000	0.682
2004-02-15 00:00:00	20	2
-0.0	0.598
-5.0	0.582
-10.0	0.575
-15.0	0.570
-20.0	0.569
-25.0	0.567
-30.0	0.580
-35.0	0.553
-40.0	0.566
-45.0	0.570
-50.0	0.570
-55.0	0.595
-60.0	0.628
-65.0	0.658
-70.0	0.647
-75.0	0.622
-80.0	0.651
-85.0	0.624
-90.0	0.723
-12000	0.723
2004-03-15 00:00:00	20	2
-0.0	0.589
-5.0	0.596
-10.0	0.603
-15.0	0.601
-20.0	0.603
-25.0	0.610
-30.0	0.614
-35.0	0.570
-40.0	0.589
-45.0	0.588
-50.0	0.590
-55.0	0.567
-60.0	0.577
-65.0	0.613
-70.0	0.618
-75.0	0.633
-80.0	0.640
-85.0	0.573
-90.0	0.702
-12000	0.702
2004-04-15 00:00:00	20	2
-0.0	0.378
-5.0	0.362
-10.0	0.382
-15.0	0.384
-20.0	0.388
-25.0	0.399
-30.0	0.425
-35.0	0.452
-40.0	0.476
-45.0	0.503
-50.0	0.513
-55.0	0.549
-60.0	0.565
-65.0	0.581
-70.0	0.599
-75.0	0.586
-80.0	0.593
-85.0	0.584
-90.0	0.625
-12000	0.625
2004-05-15 00:00:00	20	2
-0.0	0.201
-5.0	0.187
-10.0	0.199
-15.0	0.209
-20.0	0.219
-25.0	0.245
-30.0	0.269
-35.0	0.302
-40.0	0.341
-45.0	0.373
-50.0	0.412
-55.0	0.437
-60.0	0.489
-65.0	0.522
-70.0	0.535
-75.0	0.558
-80.0	0.521
-85.0	0.595
-90.0	0.630
-12000	0.630
2004-06-15 00:00:00	20	2
-0.0	0.182
-5.0	0.158
-10.0	0.160
-15.0	0.171
-20.0	0.189
-25.0	0.225
-30.0	0.268
-35.0	0.325
-40.0	0.387
-45.0	0.439
-50.0	0.505
-55.0	0.548
-60.0	0.583
-65.0	0.612
-70.0	0.616
-75.0	0.663
-80.0	0.659
-85.0	0.697
-90.0	0.732
-12000	0.732
2004-07-15 00:00:00	20	2
-0.0	0.189
-5.0	0.177
-10.0	0.181
-15.0	0.189
-20.0	0.206
-25.0	0.244
-30.0	0.287
-35.0	0.351
-40.0	0.430
-45.0	0.494
-50.0	0.552
-55.0	0.611
-60.0	0.637
-65.0	0.661
-70.0	0.693
-75.0	0.723
-80.0	0.708
-85.0	0.659
-90.0	0.736
-12000	0.736
2004-08-15 00:00:00	20	2
-0.0	0.135
-5.0	0.137
-10.0	0.131
-15.0	0.148
-20.0	0.146
-25.0	0.187
-30.0	0.215
-35.0	0.279
-40.0	0.359
-45.0	0.428
-50.0	0.500
-55.0	0.548
-60.0	0.594
-65.0	0.627
-70.0	0.649
-75.0	0.692
-80.0	0.728
-85.0	0.687
-90.0	0.727
-12000	0.727
2004-09-15 00:00:00	20	2
-0.0	0.196
-5.0	0.197
-10.0	0.200
-15.0	0.209
-20.0	0.218
-25.0	0.240
-30.0	0.269
-35.0	0.298
-40.0	0.384
-45.0	0.472
-50.0	0.536
-55.0	0.620
-60.0	0.643
-65.0	0.711
-70.0	0.754
-75.0	0.772
-80.0	0.820
-85.0	0.731
-90.0	0.669
-12000	0.669
2004-10-15 00:00:00	20	2
-0.0	0.297
-5.0	0.307
-10.0	0.294
-15.0	0.292
-20.0	0.312
-25.0	0.318
-30.0	0.351
-35.0	0.389
-40.0	0.479
-45.0	0.479
-50.0	0.513
-55.0	0.603
-60.0	0.645
-65.0	0.705
-70.0	0.712
-75.0	0.792
-80.0	0.794
-85.0	0.724
-90.0	0.768
-12000	0.768
2004-11-15 00:00:00	20	2
-0.0	0.436
-5.0	0.431
-10.0	0.425
-15.0	0.422
-20.0	0.424
-25.0	0.428
-30.0	0.430
-35.0	0.429
-40.0	0.437
-45.0	0.448
-50.0	0.460
-55.0	0.485
-60.0	0.523
-65.0	0.586
-70.0	0.592
-75.0	0.631
-80.0	0.658
-85.0	0.623
-90.0	0.616
-12000	0.616
2004-12-15 00:00:00	20	2
-0.0	0.531
-5.0	0.571
-10.0	0.553
-15.0	0.574
-20.0	0.570
-25.0	0.568
-30.0	0.555
-35.0	0.529
-40.0	0.534
-45.0	0.549
-50.0	0.531
-55.0	0.553
-60.0	0.557
-65.0	0.595
-70.0	0.578
-75.0	0.588
-80.0	0.605
-85.0	0.566
-90.0	0.577
-12000	0.577
2005-01-15 00:00:00	20	2
-0.0	0.644
-5.0	0.629
-10.0	0.621
-15.0	0.623
-20.0	0.621
-25.0	0.618
-30.0	0.609
-35.0	0.532
-40.0	0.547
-45.0	0.536
-50.0	0.541
-55.0	0.528
-60.0	0.560
-65.0	0.572
-70.0	0.592
-75.0	0.625
-80.0	0.554
-85.0	0.553
-90.0	0.682
-12000	0.682
2005-02-15 00:00:00	20	2
-0.0	0.598
-5.0	0.582
-10.0	0.575
-15.0	0.570
-20.0	0.569
-25.0	0.567
-30.0	0.580
-35.0	0.553
-40.0	0.566
-45.0	0.570
-50.0	0.570
-55.0	0.595
-60.0	0.628
-65.0	0.658
-70.0	0.647
-75.0	0.622
-80.0	0.651
-85.0	0.624
-90.0	0.723
-12000	0.723
2005-03-15 00:00:00	20	2
-0.0	0.589
-5.0	0.596
-10.0	0.603
-15.0	0.601
-20.0	0.603
-25.0	0.610
-30.0	0.614
-35.0	0.570
-40.0	0.589
-45.0	0.588
-50.0	0.590
-55.0	0.567
-60.0	0.577
-65.0	0.613
-70.0	0.618
-75.0	0.633
-80.0	0.640
-85.0	0.573
-90.0	0.702
-12000	0.702
2005-04-15 00:00:00	20	2
-0.0	0.378
-5.0	0.362
-10.0	0.382
-15.0	0.384
-20.0	0.388
-25.0	0.399
-30.0	0.425
-35.0	0.452
-40.0	0.476
-45.0	0.503
-50.0	0.513
-55.0	0.549
-60.0	0.565
-65.0	0.581
-70.0	0.599
-75.0	0.586
-80.0	0.593
-85.0	0.584
-90.0	0.625
-12000	0.625
2005-05-15 00:00:00	20	2
-0.0	0.201
-5.0	0.187
-10.0	0.199
-15.0	0.209
-20.0	0.219
-25.0	0.245
-30.0	0.269
-35.0	0.302
-40.0	0.341
-45.0	0.373
-50.0	0.412
-55.0	0.437
-60.0	0.489
-65.0	0.522
-70.0	0.535
-75.0	0.558
-80.0	0.521
-85.0	0.595
-90.0	0.630
-12000	0.630
2005-06-15 00:00:00	20	2
-0.0	0.182
-5.0	0.158
-10.0	0.160
-15.0	0.171
-20.0	0.189
-25.0	0.225
-30.0	0.268
-35.0	0.325
-40.0	0.387
-45.0	0.439
-50.0	0.505
-55.0	0.548
-60.0	0.583
-65.0	0.612
-70.0	0.616
-75.0	0.663
-80.0	0.659
-85.0	0.697
-90.0	0.732
-12000	0.732
2005-07-15 00:00:00	20	2
-0.0	0.189
-5.0	0.177
-10.0	0.181
-15.0	0.189
-20.0	0.206
-25.0	0.244
-30.0	0.287
-35.0	0.351
-40.0	0.430
-45.0	0.494
-50.0	0.552
-55.0	0.611
-60.0	0.637
-65.0	0.661
-70.0	0.693
-75.0	0.723
-80.0	0.708
-85.0	0.659
-90.0	0.736
-12000	0.736
2005-08-15 00:00:00	20	2
-0.0	0.135
-5.0	0.137
-10.0	0.131
-15.0	0.148
-20.0	0.146
-25.0	0.187
-30.0	0.215
-35.0	0.279
-40.0	0.359
-45.0	0.428
-50.0	0.500
-55.0	0.548
-60.0	0.594
-65.0	0.627
-70.0	0.649
-75.0	0.692
-80.0	0.728
-85.0	0.687
-90.0	0.727
-12000	0.727
2005-09-15 00:00:00	20	2
-0.0	0.196
-5.0	0.197
-10.0	0.200
-15.0	0.209
-20.0	0.218
-25.0	0.240
-30.0	0.269
-35.0	0.298
-40.0	0.384
-45.0	0.472
-50.0	0.536
-55.0	0.620
-60.0	0.643
-65.0	0.711
-70.0	0.754
-75.0	0.772
-80.0	0.820
-85.0	0.731
-90.0	0.669
-12000	0.669
2005-10-15 00:00:00	20	2
-0.0	0.297
-5.0	0.307
-10.0	0.294
-15.0	0.292
-20.0	0.312
-25.0	0.318
-30.0	0.351
-35.0	0.389
-40.0	0.479
-45.0	0.479
-50.0	0.513
-55.0	0.603
-60.0	0.645
-65.0	0.705
-70.0	0.712
-75.0	0.792
-80.0	0.794
-85.0	0.724
-90.0	0.768
-12000	0.768
2005-11-15 00:00:00	20	2
-0.0	0.436
-5.0	0.431
-10.0	0.425
-15.0	0.422
-20.0	0.424
-25.0	0.428
-30.0	0.430
-35.0	0.429
-40.0	0.437
-45.0	0.448
-50.0	0.460
-55.0	0.485
-60.0	0.523
-65.0	0.586
-70.0	0.592
-75.0	0.631
-80.0	0.658
-85.0	0.623
-90.0	0.616
-12000	0.616
2005-12-15 00:00:00	20	2
-0.0	0.531
-5.0	0.571
-10.0	0.553
-15.0	0.574
-20.0	0.570
-25.0	0.568
-30.0	0.555
-35.0	0.529
-40.0	0.534
-45.0	0.549
-50.0	0.531
-55.0	0.553
-60.0	0.557
-65.0	0.595
-70.0	0.578
-75.0	0.588
-80.0	0.605
-85.0	0.566
-90.0	0.577
-12000	0.577
2006-01-15 00:00:00	20	2
-0.0	0.644
-5.0	0.629
-10.0	0.621
-15.0	0.623
-20.0	0.621
-25.0	0.618
-30.0	0.609
-35.0	0.532
-40.0	0.547
-45.0	0.536
-50.0	0.541
-55.0	0.528
-60.0	0.560
-65.0	0.572
-70.0	0.592
-75.0	0.625
-80.0	0.554
-85.0	0.553
-90.0	0.682
-12000	0.682
2006-02-15 00:00:00	20	2
-0.0	0.598
-5.0	0.582
-10.0	0.575
-15.0	0.570
-20.0	0.569
-25.0	0.567
-30.0	0.580
-35.0	0.553
-40.0	0.566
-45.0	0.570
-50.0	0.570
-55.0	0.595
-60.0	0.628
-65.0	0.658
-70.0	0.647
-75.0	0.622
-80.0	0.651
-85.0	0.624
-90.0	0.723
-12000	0.723
2006-03-15 00:00:00	20	2
-0.0	0.589
-5.0	0.596
-10.0	0.603
-15.0	0.601
-20.0	0.603
-25.0	0.610
-30.0	0.614
-35.0	0.570
-40.0	0.589
-45.0	0.588
-50.0	0.590
-55.0	0.567
-60.0	0.577
-65.0	0.613
-70.0	0.618
-75.0	0.633
-80.0	0.640
-85.0	0.573
-90.0	0.702
-12000	0.702
2006-04-15 00:00:00	20	2
-0.0	0.378
-5.0	0.362
-10.0	0.382
-15.0	0.384
-20.0	0.388
-25.0	0.399
-30.0	0.425
-35.0	0.452
-40.0	0.476
-45.0	0.503
-50.0	0.513
-55.0	0.549
-60.0	0.565
-65.0	0.581
-70.0	0.599
-75.0	0.586
-80.0	0.593
-85.0	0.584
-90.0	0.625
-12000	0.625
2006-05-15 00:00:00	20	2
-0.0	0.201
-5.0	0.187
-10.0	0.199
-15.0	0.209
-20.0	0.219
-25.0	0.245
-30.0	0.269
-35.0	0.302
-40.0	0.341
-45.0	0.373
-50.0	0.412
-55.0	0.437
-60.0	0.489
-65.0	0.522
-70.0	0.535
-75.0	0.558
-80.0	0.521
-85.0	0.595
-90.0	0.630
-12000	0.630
2006-06-15 00:00:00	20	2
-0.0	0.182
-5.0	0.158
-10.0	0.160
-15.0	0.171
-20.0	0.189
-25.0	0.225
-30.0	0.268
-35.0	0.325
-40.0	0.387
-45.0	0.439
-50.0	0.505
-55.0	0.548
-60.0	0.583
-65.0	0.612
-70.0	0.616
-75.0	0.663
-80.0	0.659
-85.0	0.697
-90.0	0.732
-12000	0.732
2006-07-15 00:00:00	20	2
-0.0	0.189
-5.0	0.177
-10.0	0.181
-15.0	0.189
-20.0	0.206
-25.0	0.244
-30.0	0.287
-35.0	0.351
-40.0	0.430
-45.0	0.494
-50.0	0.552
-55.0	0.611
-60.0	0.637
-65.0	0.661
-70.0	0.693
-75.0	0.723
-80.0	0.708
-85.0	0.659
-90.0	0.736
-12000	0.736
2006-08-15 00:00:00	20	2
-0.0	0.135
-5.0	0.137
-10.0	0.131
-15.0	0.148
-20.0	0.146
-25.0	0.187
-30.0	0.215
-35.0	0.279
-40.0	0.359
-45.0	0.428
-50.0	0.500
-55.0	0.548
-60.0	0.594
-65.0	0.627
-70.0	0.649
-75.0	0.692
-80.0	0.728
-85.0	0.687
-90.0	0.727
-12000	0.727
2006-09-15 00:00:00	20	2
-0.0	0.196
-5.0	0.197
-10.0	0.200
-15.0	0.209
-20.0	0.218
-25.0	0.240
-30.0	0.269
-35.0	0.298
-40.0	0.384
-45.0	0.472
-50.0	0.536
-55.0	0.620
-60.0	0.643
-65.0	0.711
-70.0	0.754
-75.0	0.772
-80.0	0.820
-85.0	0.731
-90.0	0.669
-12000	0.669
2006-10-15 00:00:00	20	2
-0.0	0.297
-5.0	0.307
-10.0	0.294
-15.0	0.292
-20.0	0.312
-25.0	0.318
-30.0	0.351
-35.0	0.389
-40.0	0.479
-45.0	0.479
-50.0	0.513
-55.0	0.603
-60.0	0.645
-65.0	0.705
-70.0	0.712
-75.0	0.792
-80.0	0.794
-85.0	0.724
-90.0	0.768
-12000	0.768
2006-11-15 00:00:00	20	2
-0.0	0.436
-5.0	0.431
-10.0	0.425
-15.0	0.422
-20.0	0.424
-25.0	0.428
-30.0	0.430
-35.0	0.429
-40.0	0.437
-45.0	0.448
-50.0	0.460
-55.0	0.485
-60.0	0.523
-65.0	0.586
-70.0	0.592
-75.0	0.631
-80.0	0.658
-85.0	0.623
-90.0	0.616
-12000	0.616
2006-12-15 00:00:00	20	2
-0.0	0.531
-5.0	0.571
-10.0	0.553
-15.0	0.574
-20.0	0.570
-25.0	0.568
-30.0	0.555
-35.0	0.529
-40.0	0.534
-45.0	0.549
-50.0	0.531
-55.0	0.553
-60.0	0.557
-65.0	0.595
-70.0	0.578
-75.0	0.588
-80.0	0.605
-85.0	0.566
-90.0	0.577
-12000	0.577
2007-01-15 00:00:00	20	2
-0.0	0.644
-5.0	0.629
-10.0	0.621
-15.0	0.623
-20.0	0.621
-25.0	0.618
-30.0	0.609
-35.0	0.532
-40.0	0.547
-45.0	0.536
-50.0	0.541
-55.0	0.528
-60.0	0.560
-65.0	0.572
-70.0	0.592
-75.0	0.625
-80.0	0.554
-85.0	0.553
-90.0	0.682
-12000	0.682
2007-02-15 00:00:00	20	2
-0.0	0.598
-5.0	0.582
-10.0	0.575
-15.0	0.570
-20.0	0.569
-25.0	0.567
-30.0	0.580
-35.0	0.553
-40.0	0.566
-45.0	0.570
-50.0	0.570
-55.0	0.595
-60.0	0.628
-65.0	0.658
-70.0	0.647
-75.0	0.622
-80.0	0.651
-85.0	0.624
-90.0	0.723
-12000	0.723
2007-03-15 00:00:00	20	2
-0.0	0.589
-5.0	0.596
-10.0	0.603
-15.0	0.601
-20.0	0.603
-25.0	0.610
-30.0	0.614
-35.0	0.570
-40.0	0.589
-45.0	0.588
-50.0	0.590
-55.0	0.567
-60.0	0.577
-65.0	0.613
-70.0	0.618
-75.0	0.633
-80.0	0.640
-85.0	0.573
-90.0	0.702
-12000	0.702
2007-04-15 00:00:00	20	2
-0.0	0.378
-5.0	0.362
-10.0	0.382
-15.0	0.384
-20.0	0.388
-25.0	0.399
-30.0	0.425
-35.0	0.452
-40.0	0.476
-45.0	0.503
-50.0	0.513
-55.0	0.549
-60.0	0.565
-65.0	0.581
-70.0	0.599
-75.0	0.586
-80.0	0.593
-85.0	0.584
-90.0	0.625
-12000	0.625
2007-05-15 00:00:00	20	2
-0.0	0.201
-5.0	0.187
-10.0	0.199
-15.0	0.209
-20.0	0.219
-25.0	0.245
-30.0	0.269
-35.0	0.302
-40.0	0.341
-45.0	0.373
-50.0	0.412
-55.0	0.437
-60.0	0.489
-65.0	0.522
-70.0	0.535
-75.0	0.558
-80.0	0.521
-85.0	0.595
-90.0	0.630
-12000	0.630
2007-06-15 00:00:00	20	2
-0.0	0.182
-5.0	0.158
-10.0	0.160
-15.0	0.171
-20.0	0.189
-25.0	0.225
-30.0	0.268
-35.0	0.325
-40.0	0.387
-45.0	0.439
-50.0	0.505
-55.0	0.548
-60.0	0.583
-65.0	0.612
-70.0	0.616
-75.0	0.663
-80.0	0.659
-85.0	0.697
-90.0	0.732
-12000	0.732
2007-07-15 00:00:00	20	2
-0.0	0.189
-5.0	0.177
-10.0	0.181
-15.0	0.189
-20.0	0.206
-25.0	0.244
-30.0	0.287
-35.0	0.351
-40.0	0.430
-45.0	0.494
-50.0	0.552
-55.0	0.611
-60.0	0.637
-65.0	0.661
-70.0	0.693
-75.0	0.723
-80.0	0.708
-85.0	0.659
-90.0	0.736
-12000	0.736
2007-08-15 00:00:00	20	2
-0.0	0.135
-5.0	0.137
-10.0	0.131
-15.0	0.148
-20.0	0.146
-25.0	0.187
-30.0	0.215
-35.0	0.279
-40.0	0.359
-45.0	0.428
-50.0	0.500
-55.0	0.548
-60.0	0.594
-65.0	0.627
-70.0	0.649
-75.0	0.692
-80.0	0.728
-85.0	0.687
-90.0	0.727
-12000	0.727
2007-09-15 00:00:00	20	2
-0.0	0.196
-5.0	0.197
-10.0	0.200
-15.0	0.209
-20.0	0.218
-25.0	0.240
-30.0	0.269
-35.0	0.298
-40.0	0.384
-45.0	0.472
-50.0	0.536
-55.0	0.620
-60.0	0.643
-65.0	0.711
-70.0	0.754
-75.0	0.772
-80.0	0.820
-85.0	0.731
-90.0	0.669
-12000	0.669
2007-10-15 00:00:00	20	2
-0.0	0.297
-5.0	0.307
-10.0	0.294
-15.0	0.292
-20.0	0.312
-25.0	0.318
-30.0	0.351
-35.0	0.389
-40.0	0.479
-45.0	0.479
-50.0	0.513
-55.0	0.603
-60.0	0.645
-65.0	0.705
-70.0	0.712
-75.0	0.792
-80.0	0.794
-85.0	0.724
-90.0	0.768
-12000	0.768
2007-11-15 00:00:00	20	2
-0.0	0.436
-5.0	0.431
-10.0	0.425
-15.0	0.422
-20.0	0.424
-25.0	0.428
-30.0	0.430
-35.0	0.429
-40.0	0.437
-45.0	0.448
-50.0	0.460
-55.0	0.485
-60.0	0.523
-65.0	0.586
-70.0	0.592
-75.0	0.631
-80.0	0.658
-85.0	0.623
-90.0	0.616
-12000	0.616
2007-12-15 00:00:00	20	2
-0.0	0.531
-5.0	0.571
-10.0	0.553
-15.0	0.574
-20.0	0.570
-25.0	0.568
-30.0	0.555
-35.0	0.529
-40.0	0.534
-45.0	0.549
-50.0	0.531
-55.0	0.553
-60.0	0.557
-65.0	0.595
-70.0	0.578
-75.0	0.588
-80.0	0.605
-85.0	0.566
-90.0	0.577
-12000	0.577
2008-01-15 00:00:00	20	2
-0.0	0.644
-5.0	0.629
-10.0	0.621
-15.0	0.623
-20.0	0.621
-25.0	0.618
-30.0	0.609
-35.0	0.532
-40.0	0.547
-45.0	0.536
-50.0	0.541
-55.0	0.528
-60.0	0.560
-65.0	0.572
-70.0	0.592
-75.0	0.625
-80.0	0.554
-85.0	0.553
-90.0	0.682
-12000	0.682
2008-02-15 00:00:00	20	2
-0.0	0.598
-5.0	0.582
-10.0	0.575
-15.0	0.570
-20.0	0.569
-25.0	0.567
-30.0	0.580
-35.0	0.553
-40.0	0.566
-45.0	0.570
-50.0	0.570
-55.0	0.595
-60.0	0.628
-65.0	0.658
-70.0	0.647
-75.0	0.622
-80.0	0.651
-85.0	0.624
-90.0	0.723
-12000	0.723
2008-03-15 00:00:00	20	2
-0.0	0.589
-5.0	0.596
-10.0	0.603
-15.0	0.601
-20.0	0.603
-25.0	0.610
-30.0	0.614
-35.0	0.570
-40.0	0.589
-45.0	0.588
-50.0	0.590
-55.0	0.567
-60.0	0.577
-65.0	0.613
-70.0	0.618
-75.0	0.633
-80.0	0.640
-85.0	0.573
-90.0	0.702
-12000	0.702
2008-04-15 00:00:00	20	2
-0.0	0.378
-5.0	0.362
-10.0	0.382
-15.0	0.384
-20.0	0.388
-25.0	0.399
-30.0	0.425
-35.0	0.452
-40.0	0.476
-45.0	0.503
-50.0	0.513
-55.0	0.549
-60.0	0.565
-65.0	0.581
-70.0	0.599
-75.0	0.586
-80.0	0.593
-85.0	0.584
-90.0	0.625
-12000	0.625
2008-05-15 00:00:00	20	2
-0.0	0.201
-5.0	0.187
-10.0	0.199
-15.0	0.209
-20.0	0.219
-25.0	0.245
-30.0	0.269
-35.0	0.302
-40.0	0.341
-45.0	0.373
-50.0	0.412
-55.0	0.437
-60.0	0.489
-65.0	0.522
-70.0	0.535
-75.0	0.558
-80.0	0.521
-85.0	0.595
-90.0	0.630
-12000	0.630
2008-06-15 00:00:00	20	2
-0.0	0.182
-5.0	0.158
-10.0	0.160
-15.0	0.171
-20.0	0.189
-25.0	0.225
-30.0	0.268
-35.0	0.325
-40.0	0.387
-45.0	0.439
-50.0	0.505
-55.0	0.548
-60.0	0.583
-65.0	0.612
-70.0	0.616
-75.0	0.663
-80.0	0.659
-85.0	0.697
-90.0	0.732
-12000	0.732
2008-07-15 00:00:00	20	2
-0.0	0.189
-5.0	0.177
-10.0	0.181
-15.0	0.189
-20.0	0.206
-25.0	0.244
-30.0	0.287
-35.0	0.351
-40.0	0.430
-45.0	0.494
-50.0	0.552
-55.0	0.611
-60.0	0.637
-65.0	0.661
-70.0	0.693
-75.0	0.723
-80.0	0.708
-85.0	0.659
-90.0	0.736
-12000	0.736
2008-08-15 00:00:00	20	2
-0.0	0.135
-5.0	0.137
-10.0	0.131
-15.0	0.148
-20.0	0.146
-25.0	0.187
-30.0	0.215
-35.0	0.279
-40.0	0.359
-45.0	0.428
-50.0	0.500
-55.0	0.548
-60.0	0.594
-65.0	0.627
-70.0	0.649
-75.0	0.692
-80.0	0.728
-85.0	0.687
-90.0	0.727
-12000	0.727
2008-09-15 00:00:00	20	2
-0.0	0.196
-5.0	0.197
-10.0	0.200
-15.0	0.209
-20.0	0.218
-25.0	0.240
-30.0	0.269
-35.0	0.298
-40.0	0.384
-45.0	0.472
-50.0	0.536
-55.0	0.620
-60.0	0.643
-65.0	0.711
-70.0	0.754
-75.0	0.772
-80.0	0.820
-85.0	0.731
-90.0	0.669
-12000	0.669
2008-10-15 00:00:00	20	2
-0.0	0.297
-5.0	0.307
-10.0	0.294
-15.0	0.292
-20.0	0.312
-25.0	0.318
-30.0	0.351
-35.0	0.389
-40.0	0.479
-45.0	0.479
-50.0	0.513
-55.0	0.603
-60.0	0.645
-65.0	0.705
-70.0	0.712
-75.0	0.792
-80.0	0.794
-85.0	0.724
-90.0	0.768
-12000	0.768
2008-11-15 00:00:00	20	2
-0.0	0.436
-5.0	0.431
-10.0	0.425
-15.0	0.422
-20.0	0.424
-25.0	0.428
-30.0	0.430
-35.0	0.429
-40.0	0.437
-45.0	0.448
-50.0	0.460
-55.0	0.485
-60.0	0.523
-65.0	0.586
-70.0	0.592
-75.0	0.631
-80.0	0.658
-85.0	0.623
-90.0	0.616
-12000	0.616
2008-12-15 00:00:00	20	2
-0.0	0.531
-5.0	0.571
-10.0	0.553
-15.0	0.574
-20.0	0.570
-25.0	0.568
-30.0	0.555
-35.0	0.529
-40.0	0.534
-45.0	0.549
-50.0	0.531
-55.0	0.553
-60.0	0.557
-65.0	0.595
-70.0	0.578
-75.0	0.588
-80.0	0.605
-85.0	0.566
-90.0	0.577
-12000	0.577
2009-01-15 00:00:00	20	2
-0.0	0.644
-5.0	0.629
-10.0	0.621
-15.0	0.623
-20.0	0.621
-25.0	0.618
-30.0	0.609
-35.0	0.532
-40.0	0.547
-45.0	0.536
-50.0	0.541
-55.0	0.528
-60.0	0.560
-65.0	0.572
-70.0	0.592
-75.0	0.625
-80.0	0.554
-85.0	0.553
-90.0	0.682
-12000	0.682
2009-02-15 00:00:00	20	2
-0.0	0.598
-5.0	0.582
-10.0	0.575
-15.0	0.570
-20.0	0.569
-25.0	0.567
-30.0	0.580
-35.0	0.553
-40.0	0.566
-45.0	0.570
-50.0	0.570
-55.0	0.595
-60.0	0.628
-65.0	0.658
-70.0	0.647
-75.0	0.622
-80.0	0.651
-85.0	0.624
-90.0	0.723
-12000	0.723
2009-03-15 00:00:00	20	2
-0.0	0.589
-5.0	0.596
-10.0	0.603
-15.0	0.601
-20.0	0.603
-25.0	0.610
-30.0	0.614
-35.0	0.570
-40.0	0.589
-45.0	0.588
-50.0	0.590
-55.0	0.567
-60.0	0.577
-65.0	0.613
-70.0	0.618
-75.0	0.633
-80.0	0.640
-85.0	0.573
-90.0	0.702
-12000	0.702
2009-04-15 00:00:00	20	2
-0.0	0.378
-5.0	0.362
-10.0	0.382
-15.0	0.384
-20.0	0.388
-25.0	0.399
-30.0	0.425
-35.0	0.452
-40.0	0.476
-45.0	0.503
-50.0	0.513
-55.0	0.549
-60.0	0.565
-65.0	0.581
-70.0	0.599
-75.0	0.586
-80.0	0.593
-85.0	0.584
-90.0	0.625
-12000	0.625
2009-05-15 00:00:00	20	2
-0.0	0.201
-5.0	0.187
-10.0	0.199
-15.0	0.209
-20.0	0.219
-25.0	0.245
-30.0	0.269
-35.0	0.302
-40.0	0.341
-45.0	0.373
-50.0	0.412
-55.0	0.437
-60.0	0.489
-65.0	0.522
-70.0	0.535
-75.0	0.558
-80.0	0.521
-85.0	0.595
-90.0	0.630
-12000	0.630
2009-06-15 00:00:00	20	2
-0.0	0.182
-5.0	0.158
-10.0	0.160
-15.0	0.171
-20.0	0.189
-25.0	0.225
-30.0	0.268
-35.0	0.325
-40.0	0.387
-45.0	0.439
-50.0	0.505
-55.0	0.548
-60.0	0.583
-65.0	0.612
-70.0	0.616
-75.0	0.663
-80.0	0.659
-85.0	0.697
-90.0	0.732
-12000	0.732
2009-07-15 00:00:00	20	2
-0.0	0.189
-5.0	0.177
-10.0	0.181
-15.0	0.189
-20.0	0.206
-25.0	0.244
-30.0	0.287
-35.0	0.351
-40.0	0.430
-45.0	0.494
-50.0	0.552
-55.0	0.611
-60.0	0.637
-65.0	0.661
-70.0	0.693
-75.0	0.723
-80.0	0.708
-85.0	0.659
-90.0	0.736
-12000	0.736
2009-08-15 00:00:00	20	2
-0.0	0.135
-5.0	0.137
-10.0	0.131
-15.0	0.148
-20.0	0.146
-25.0	0.187
-30.0	0.215
-35.0	0.279
-40.0	0.359
-45.0	0.428
-50.0	0.500
-55.0	0.548
-60.0	0.594
-65.0	0.627
-70.0	0.649
-75.0	0.692
-80.0	0.728
-85.0	0.687
-90.0	0.727
-12000	0.727
2009-09-15 00:00:00	20	2
-0.0	0.196
-5.0	0.197
-10.0	0.200
-15.0	0.209
-20.0	0.218
-25.0	0.240
-30.0	0.269
-35.0	0.298
-40.0	0.384
-45.0	0.472
-50.0	0.536
-55.0	0.620
-60.0	0.643
-65.0	0.711
-70.0	0.754
-75.0	0.772
-80.0	0.820
-85.0	0.731
-90.0	0.669
-12000	0.669
2009-10-15 00:00:00	20	2
-0.0	0.297
-5.0	0.307
-10.0	0.294
-15.0	0.292
-20.0	0.312
-25.0	0.318
-30.0	0.351
-35.0	0.389
-40.0	0.479
-45.0	0.479
-50.0	0.513
-55.0	0.603
-60.0	0.645
-65.0	0.705
-70.0	0.712
-75.0	0.792
-80.0	0.794
-85.0	0.724
-90.0	0.768
-12000	0.768
2009-11-15 00:00:00	20	2
-0.0	0.436
-5.0	0.431
-10.0	0.425
-15.0	0.422
-20.0	0.424
-25.0	0.428
-30.0	0.430
-35.0	0.429
-40.0	0.437
-45.0	0.448
-50.0	0.460
-55.0	0.485
-60.0	0.523
-65.0	0.586
-70.0	0.592
-75.0	0.631
-80.0	0.658
-85.0	0.623
-90.0	0.616
-12000	0.616
2009-12-15 00:00:00	20	2
-0.0	0.531
-5.0	0.571
-10.0	0.553
-15.0	0.574
-20.0	0.570
-25.0	0.568
-30.0	0.555
-35.0	0.529
-40.0	0.534
-45.0	0.549
-50.0	0.531
-55.0	0.553
-60.0	0.557
-65.0	0.595
-70.0	0.578
-75.0	0.588
-80.0	0.605
-85.0	0.566
-90.0	0.577
-12000	0.577
2010-01-15 00:00:00	20	2
-0.0	0.644
-5.0	0.629
-10.0	0.621
-15.0	0.623
-20.0	0.621
-25.0	0.618
-30.0	0.609
-35.0	0.532
-40.0	0.547
-45.0	0.536
-50.0	0.541
-55.0	0.528
-60.0	0.560
-65.0	0.572
-70.0	0.592
-75.0	0.625
-80.0	0.554
-85.0	0.553
-90.0	0.682
-12000	0.682
2010-02-15 00:00:00	20	2
-0.0	0.598
-5.0	0.582
-10.0	0.575
-15.0	0.570
-20.0	0.569
-25.0	0.567
-30.0	0.580
-35.0	0.553
-40.0	0.566
-45.0	0.570
-50.0	0.570
-55.0	0.595
-60.0	0.628
-65.0	0.658
-70.0	0.647
-75.0	0.622
-80.0	0.651
-85.0	0.624
-90.0	0.723
-12000	0.723
2010-03-15 00:00:00	20	2
-0.0	0.589
-5.0	0.596
-10.0	0.603
-15.0	0.601
-20.0	0.603
-25.0	0.610
-30.0	0.614
-35.0	0.570
-40.0	0.589
-45.0	0.588
-50.0	0.590
-55.0	0.567
-60.0	0.577
-65.0	0.613
-70.0	0.618
-75.0	0.633
-80.0	0.640
-85.0	0.573
-90.0	0.702
-12000	0.702
2010-04-15 00:00:00	20	2
-0.0	0.378
-5.0	0.362
-10.0	0.382
-15.0	0.384
-20.0	0.388
-25.0	0.399
-30.0	0.425
-35.0	0.452
-40.0	0.476
-45.0	0.503
-50.0	0.513
-55.0	0.549
-60.0	0.565
-65.0	0.581
-70.0	0.599
-75.0	0.586
-80.0	0.593
-85.0	0.584
-90.0	0.625
-12000	0.625
2010-05-15 00:00:00	20	2
-0.0	0.201
-5.0	0.187
-10.0	0.199
-15.0	0.209
-20.0	0.219
-25.0	0.245
-30.0	0.269
-35.0	0.302
-40.0	0.341
-45.0	0.373
-50.0	0.412
-55.0	0.437
-60.0	0.489
-65.0	0.522
-70.0	0.535
-75.0	0.558
-80.0	0.521
-85.0	0.595
-90.0	0.630
-12000	0.630
2010-06-15 00:00:00	20	2
-0.0	0.182
-5.0	0.158
-10.0	0.160
-15.0	0.171
-20.0	0.189
-25.0	0.225
-30.0	0.268
-35.0	0.325
-40.0	0.387
-45.0	0.439
-50.0	0.505
-55.0	0.548
-60.0	0.583
-65.0	0.612
-70.0	0.616
-75.0	0.663
-80.0	0.659
-85.0	0.697
-90.0	0.732
-12000	0.732
2010-07-15 00:00:00	20	2
-0.0	0.189
-5.0	0.177
-10.0	0.181
-15.0	0.189
-20.0	0.206
-25.0	0.244
-30.0	0.287
-35.0	0.351
-40.0	0.430
-45.0	0.494
-50.0	0.552
-55.0	0.611
-60.0	0.637
-65.0	0.661
-70.0	0.693
-75.0	0.723
-80.0	0.708
-85.0	0.659
-90.0	0.736
-12000	0.736
2010-08-15 00:00:00	20	2
-0.0	0.135
-5.0	0.137
-10.0	0.131
-15.0	0.148
-20.0	0.146
-25.0	0.187
-30.0	0.215
-35.0	0.279
-40.0	0.359
-45.0	0.428
-50.0	0.500
-55.0	0.548
-60.0	0.594
-65.0	0.627
-70.0	0.649
-75.0	0.692
-80.0	0.728
-85.0	0.687
-90.0	0.727
-12000	0.727
2010-09-15 00:00:00	20	2
-0.0	0.196
-5.0	0.197
-10.0	0.200
-15.0	0.209
-20.0	0.218
-25.0	0.240
-30.0	0.269
-35.0	0.298
-40.0	0.384
-45.0	0.472
-50.0	0.536
-55.0	0.620
-60.0	0.643
-65.0	0.711
-70.0	0.754
-75.0	0.772
-80.0	0.820
-85.0	0.731
-90.0	0.669
-12000	0.669
2010-10-15 00:00:00	20	2
-0.0	0.297
-5.0	0.307
-10.0	0.294
-15.0	0.292
-20.0	0.312
-25.0	0.318
-30.0	0.351
-35.0	0.389
-40.0	0.479
-45.0	0.479
-50.0	0.513
-55.0	0.603
-60.0	0.645
-65.0	0.705
-70.0	0.712
-75.0	0.792
-80.0	0.794
-85.0	0.724
-90.0	0.768
-12000	0.768
2010-11-15 00:00:00	20	2
-0.0	0.436
-5.0	0.431
-10.0	0.425
-15.0	0.422
-20.0	0.424
-25.0	0.428
-30.0	0.430
-35.0	0.429
-40.0	0.437
-45.0	0.448
-50.0	0.460
-55.0	0.485
-60.0	0.523
-65.0	0.586
-70.0	0.592
-75.0	0.631
-80.0	0.658
-85.0	0.623
-90.0	0.616
-12000	0.616
2010-12-15 00:00:00	20	2
-0.0	0.531
-5.0	0.571
-10.0	0.553
-15.0	0.574
-20.0	0.570
-25.0	0.568
-30.0	0.555
-35.0	0.529
-40.0	0.534
-45.0	0.549
-50.0	0.531
-55.0	0.553
-60.0	0.557
-65.0	0.595
-70.0	0.578
-75.0	0.588
-80.0	0.605
-85.0	0.566
-90.0	0.577
-12000	0.577
2011-01-15 00:00:00	20	2
-0.0	0.644
-5.0	0.629
-10.0	0.621
-15.0	0.623
-20.0	0.621
-25.0	0.618
-30.0	0.609
-35.0	0.532
-40.0	0.547
-45.0	0.536
-50.0	0.541
-55.0	0.528
-60.0	0.560
-65.0	0.572
-70.0	0.592
-75.0	0.625
-80.0	0.554
-85.0	0.553
-90.0	0.682
-12000	0.682
2011-02-15 00:00:00	20	2
-0.0	0.598
-5.0	0.582
-10.0	0.575
-15.0	0.570
-20.0	0.569
-25.0	0.567
-30.0	0.580
-35.0	0.553
-40.0	0.566
-45.0	0.570
-50.0	0.570
-55.0	0.595
-60.0	0.628
-65.0	0.658
-70.0	0.647
-75.0	0.622
-80.0	0.651
-85.0	0.624
-90.0	0.723
-12000	0.723
2011-03-15 00:00:00	20	2
-0.0	0.589
-5.0	0.596
-10.0	0.603
-15.0	0.601
-20.0	0.603
-25.0	0.610
-30.0	0.614
-35.0	0.570
-40.0	0.589
-45.0	0.588
-50.0	0.590
-55.0	0.567
-60.0	0.577
-65.0	0.613
-70.0	0.618
-75.0	0.633
-80.0	0.640
-85.0	0.573
-90.0	0.702
-12000	0.702
2011-04-15 00:00:00	20	2
-0.0	0.378
-5.0	0.362
-10.0	0.382
-15.0	0.384
-20.0	0.388
-25.0	0.399
-30.0	0.425
-35.0	0.452
-40.0	0.476
-45.0	0.503
-50.0	0.513
-55.0	0.549
-60.0	0.565
-65.0	0.581
-70.0	0.599
-75.0	0.586
-80.0	0.593
-85.0	0.584
-90.0	0.625
-12000	0.625
2011-05-15 00:00:00	20	2
-0.0	0.201
-5.0	0.187
-10.0	0.199
-15.0	0.209
-20.0	0.219
-25.0	0.245
-30.0	0.269
-35.0	0.302
-40.0	0.341
-45.0	0.373
-50.0	0.412
-55.0	0.437
-60.0	0.489
-65.0	0.522
-70.0	0.535
-75.0	0.558
-80.0	0.521
-85.0	0.595
-90.0	0.630
-12000	0.630
2011-06-15 00:00:00	20	2
-0.0	0.182
-5.0	0.158
-10.0	0.160
-15.0	0.171
-20.0	0.189
-25.0	0.225
-30.0	0.268
-35.0	0.325
-40.0	0.387
-45.0	0.439
-50.0	0.505
-55.0	0.548
-60.0	0.583
-65.0	0.612
-70.0	0.616
-75.0	0.663
-80.0	0.659
-85.0	0.697
-90.0	0.732
-12000	0.732
2011-07-15 00:00:00	20	2
-0.0	0.189
-5.0	0.177
-10.0	0.181
-15.0	0.189
-20.0	0.206
-25.0	0.244
-30.0	0.287
-35.0	0.351
-40.0	0.430
-45.0	0.494
-50.0	0.552
-55.0	0.611
-60.0	0.637
-65.0	0.661
-70.0	0.693
-75.0	0.723
-80.0	0.708
-85.0	0.659
-90.0	0.736
-12000	0.736
2011-08-15 00:00:00	20	2
-0.0	0.135
-5.0	0.137
-10.0	0.131
-15.0	0.148
-20.0	0.146
-25.0	0.187
-30.0	0.215
-35.0	0.279
-40.0	0.359
-45.0	0.428
-50.0	0.500
-55.0	0.548
-60.0	0.594
-65.0	0.627
-70.0	0.649
-75.0	0.692
-80.0	0.728
-85.0	0.687
-90.0	0.727
-12000	0.727
2011-09-15 00:00:00	20	2
-0.0	0.196
-5.0	0.197
-10.0	0.200
-15.0	0.209
-20.0	0.218
-25.0	0.240
-30.0	0.269
-35.0	0.298
-40.0	0.384
-45.0	0.472
-50.0	0.536
-55.0	0.620
-60.0	0.643
-65.0	0.711
-70.0	0.754
-75.0	0.772
-80.0	0.820
-85.0	0.731
-90.0	0.669
-12000	0.669
2011-10-15 00:00:00	20	2
-0.0	0.297
-5.0	0.307
-10.0	0.294
-15.0	0.292
-20.0	0.312
-25.0	0.318
-30.0	0.351
-35.0	0.389
-40.0	0.479
-45.0	0.479
-50.0	0.513
-55.0	0.603
-60.0	0.645
-65.0	0.705
-70.0	0.712
-75.0	0.792
-80.0	0.794
-85.0	0.724
-90.0	0.768
-12000	0.768
2011-11-15 00:00:00	20	2
-0.0	0.436
-5.0	0.431
-10.0	0.425
-15.0	0.422
-20.0	0.424
-25.0	0.428
-30.0	0.430
-35.0	0.429
-40.0	0.437
-45.0	0.448
-50.0	0.460
-55.0	0.485
-60.0	0.523
-65.0	0.586
-70.0	0.592
-75.0	0.631
-80.0	0.658
-85.0	0.623
-90.0	0.616
-12000	0.616
2011-12-15 00:00:00	20	2
-0.0	0.531
-5.0	0.571
-10.0	0.553
-15.0	0.574
-20.0	0.570
-25.0	0.568
-30.0	0.555
-35.0	0.529
-40.0	0.534
-45.0	0.549
-50.0	0.531
-55.0	0.553
-60.0	0.557
-65.0	0.595
-70.0	0.578
-75.0	0.588
-80.0	0.605
-85.0	0.566
-90.0	0.577
-12000	0.577
2012-01-15 00:00:00	20	2
-0.0	0.644
-5.0	0.629
-10.0	0.621
-15.0	0.623
-20.0	0.621
-25.0	0.618
-30.0	0.609
-35.0	0.532
-40.0	0.547
-45.0	0.536
-50.0	0.541
-55.0	0.528
-60.0	0.560
-65.0	0.572
-70.0	0.592
-75.0	0.625
-80.0	0.554
-85.0	0.553
-90.0	0.682
-12000	0.682
2012-02-15 00:00:00	20	2
-0.0	0.598
-5.0	0.582
-10.0	0.575
-15.0	0.570
-20.0	0.569
-25.0	0.567
-30.0	0.580
-35.0	0.553
-40.0	0.566
-45.0	0.570
-50.0	0.570
-55.0	0.595
-60.0	0.628
-65.0	0.658
-70.0	0.647
-75.0	0.622
-80.0	0.651
-85.0	0.624
-90.0	0.723
-12000	0.723
2012-03-15 00:00:00	20	2
-0.0	0.589
-5.0	0.596
-10.0	0.603
-15.0	0.601
-20.0	0.603
-25.0	0.610
-30.0	0.614
-35.0	0.570
-40.0	0.589
-45.0	0.588
-50.0	0.590
-55.0	0.567
-60.0	0.577
-65.0	0.613
-70.0	0.618
-75.0	0.633
-80.0	0.640
-85.0	0.573
-90.0	0.702
-12000	0.702
2012-04-15 00:00:00	20	2
-0.0	0.378
-5.0	0.362
-10.0	0.382
-15.0	0.384
-20.0	0.388
-25.0	0.399
-30.0	0.425
-35.0	0.452
-40.0	0.476
-45.0	0.503
-50.0	0.513
-55.0	0.549
-60.0	0.565
-65.0	0.581
-70.0	0.599
-75.0	0.586
-80.0	0.593
-85.0	0.584
-90.0	0.625
-12000	0.625
2012-05-15 00:00:00	20	2
-0.0	0.201
-5.0	0.187
-10.0	0.199
-15.0	0.209
-20.0	0.219
-25.0	0.245
-30.0	0.269
-35.0	0.302
-40.0	0.341
-45.0	0.373
-50.0	0.412
-55.0	0.437
-60.0	0.489
-65.0	0.522
-70.0	0.535
-75.0	0.558
-80.0	0.521
-85.0	0.595
-90.0	0.630
-12000	0.630
2012-06-15 00:00:00	20	2
-0.0	0.182
-5.0	0.158
-10.0	0.160
-15.0	0.171
-20.0	0.189
-25.0	0.225
-30.0	0.268
-35.0	0.325
-40.0	0.387
-45.0	0.439
-50.0	0.505
-55.0	0.548
-60.0	0.583
-65.0	0.612
-70.0	0.616
-75.0	0.663
-80.0	0.659
-85.0	0.697
-90.0	0.732
-12000	0.732
2012-07-15 00:00:00	20	2
-0.0	0.189
-5.0	0.177
-10.0	0.181
-15.0	0.189
-20.0	0.206
-25.0	0.244
-30.0	0.287
-35.0	0.351
-40.0	0.430
-45.0	0.494
-50.0	0.552
-55.0	0.611
-60.0	0.637
-65.0	0.661
-70.0	0.693
-75.0	0.723
-80.0	0.708
-85.0	0.659
-90.0	0.736
-12000	0.736
2012-08-15 00:00:00	20	2
-0.0	0.135
-5.0	0.137
-10.0	0.131
-15.0	0.148
-20.0	0.146
-25.0	0.187
-30.0	0.215
-35.0	0.279
-40.0	0.359
-45.0	0.428
-50.0	0.500
-55.0	0.548
-60.0	0.594
-65.0	0.627
-70.0	0.649
-75.0	0.692
-80.0	0.728
-85.0	0.687
-90.0	0.727
-12000	0.727
2012-09-15 00:00:00	20	2
-0.0	0.196
-5.0	0.197
-10.0	0.200
-15.0	0.209
-20.0	0.218
-25.0	0.240
-30.0	0.269
-35.0	0.298
-40.0	0.384
-45.0	0.472
-50.0	0.536
-55.0	0.620
-60.0	0.643
-65.0	0.711
-70.0	0.754
-75.0	0.772
-80.0	0.820
-85.0	0.731
-90.0	0.669
-12000	0.669
2012-10-15 00:00:00	20	2
-0.0	0.297
-5.0	0.307
-10.0	0.294
-15.0	0.292
-20.0	0.312
-25.0	0.318
-30.0	0.351
-35.0	0.389
-40.0	0.479
-45.0	0.479
-50.0	0.513
-55.0	0.603
-60.0	0.645
-65.0	0.705
-70.0	0.712
-75.0	0.792
-80.0	0.794
-85.0	0.724
-90.0	0.768
-12000	0.768
2012-11-15 00:00:00	20	2
-0.0	0.436
-5.0	0.431
-10.0	0.425
-15.0	0.422
-20.0	0.424
-25.0	0.428
-30.0	0.430
-35.0	0.429
-40.0	0.437
-45.0	0.448
-50.0	0.460
-55.0	0.485
-60.0	0.523
-65.0	0.586
-70.0	0.592
-75.0	0.631
-80.0	0.658
-85.0	0.623
-90.0	0.616
-12000	0.616
2012-12-15 00:00:00	20	2
-0.0	0.531
-5.0	0.571
-10.0	0.553
-15.0	0.574
-20.0	0.570
-25.0	0.568
-30.0	0.555
-35.0	0.529
-40.0	0.534
-45.0	0.549
-50.0	0.531
-55.0	0.553
-60.0	0.557
-65.0	0.595
-70.0	0.578
-75.0	0.588
-80.0	0.605
-85.0	0.566
-90.0	0.577
-12000	0.577
2013-01-15 00:00:00	20	2
-0.0	0.644
-5.0	0.629
-10.0	0.621
-15.0	0.623
-20.0	0.621
-25.0	0.618
-30.0	0.609
-35.0	0.532
-40.0	0.547
-45.0	0.536
-50.0	0.541
-55.0	0.528
-60.0	0.560
-65.0	0.572
-70.0	0.592
-75.0	0.625
-80.0	0.554
-85.0	0.553
-90.0	0.682
-12000	0.682
2013-02-15 00:00:00	20	2
-0.0	0.598
-5.0	0.582
-10.0	0.575
-15.0	0.570
-20.0	0.569
-25.0	0.567
-30.0	0.580
-35.0	0.553
-40.0	0.566
-45.0	0.570
-50.0	0.570
-55.0	0.595
-60.0	0.628
-65.0	0.658
-70.0	0.647
-75.0	0.622
-80.0	0.651
-85.0	0.624
-90.0	0.723
-12000	0.723
2013-03-15 00:00:00	20	2
-0.0	0.589
-5.0	0.596
-10.0	0.603
-15.0	0.601
-20.0	0.603
-25.0	0.610
-30.0	0.614
-35.0	0.570
-40.0	0.589
-45.0	0.588
-50.0	0.590
-55.0	0.567
-60.0	0.577
-65.0	0.613
-70.0	0.618
-75.0	0.633
-80.0	0.640
-85.0	0.573
-90.0	0.702
-12000	0.702
2013-04-15 00:00:00	20	2
-0.0	0.378
-5.0	0.362
-10.0	0.382
-15.0	0.384
-20.0	0.388
-25.0	0.399
-30.0	0.425
-35.0	0.452
-40.0	0.476
-45.0	0.503
-50.0	0.513
-55.0	0.549
-60.0	0.565
-65.0	0.581
-70.0	0.599
-75.0	0.586
-80.0	0.593
-85.0	0.584
-90.0	0.625
-12000	0.625
2013-05-15 00:00:00	20	2
-0.0	0.201
-5.0	0.187
-10.0	0.199
-15.0	0.209
-20.0	0.219
-25.0	0.245
-30.0	0.269
-35.0	0.302
-40.0	0.341
-45.0	0.373
-50.0	0.412
-55.0	0.437
-60.0	0.489
-65.0	0.522
-70.0	0.535
-75.0	0.558
-80.0	0.521
-85.0	0.595
-90.0	0.630
-12000	0.630
2013-06-15 00:00:00	20	2
-0.0	0.182
-5.0	0.158
-10.0	0.160
-15.0	0.171
-20.0	0.189
-25.0	0.225
-30.0	0.268
-35.0	0.325
-40.0	0.387
-45.0	0.439
-50.0	0.505
-55.0	0.548
-60.0	0.583
-65.0	0.612
-70.0	0.616
-75.0	0.663
-80.0	0.659
-85.0	0.697
-90.0	0.732
-12000	0.732
2013-07-15 00:00:00	20	2
-0.0	0.189
-5.0	0.177
-10.0	0.181
-15.0	0.189
-20.0	0.206
-25.0	0.244
-30.0	0.287
-35.0	0.351
-40.0	0.430
-45.0	0.494
-50.0	0.552
-55.0	0.611
-60.0	0.637
-65.0	0.661
-70.0	0.693
-75.0	0.723
-80.0	0.708
-85.0	0.659
-90.0	0.736
-12000	0.736
2013-08-15 00:00:00	20	2
-0.0	0.135
-5.0	0.137
-10.0	0.131
-15.0	0.148
-20.0	0.146
-25.0	0.187
-30.0	0.215
-35.0	0.279
-40.0	0.359
-45.0	0.428
-50.0	0.500
-55.0	0.548
-60.0	0.594
-65.0	0.627
-70.0	0.649
-75.0	0.692
-80.0	0.728
-85.0	0.687
-90.0	0.727
-12000	0.727
2013-09-15 00:00:00	20	2
-0.0	0.196
-5.0	0.197
-10.0	0.200
-15.0	0.209
-20.0	0.218
-25.0	0.240
-30.0	0.269
-35.0	0.298
-40.0	0.384
-45.0	0.472
-50.0	0.536
-55.0	0.620
-60.0	0.643
-65.0	0.711
-70.0	0.754
-75.0	0.772
-80.0	0.820
-85.0	0.731
-90.0	0.669
-12000	0.669
2013-10-15 00:00:00	20	2
-0.0	0.297
-5.0	0.307
-10.0	0.294
-15.0	0.292
-20.0	0.312
-25.0	0.318
-30.0	0.351
-35.0	0.389
-40.0	0.479
-45.0	0.479
-50.0	0.513
-55.0	0.603
-60.0	0.645
-65.0	0.705
-70.0	0.712
-75.0	0.792
-80.0	0.794
-85.0	0.724
-90.0	0.768
-12000	0.768
2013-11-15 00:00:00	20	2
-0.0	0.436
-5.0	0.431
-10.0	0.425
-15.0	0.422
-20.0	0.424
-25.0	0.428
-30.0	0.430
-35.0	0.429
-40.0	0.437
-45.0	0.448
-50.0	0.460
-55.0	0.485
-60.0	0.523
-65.0	0.586
-70.0	0.592
-75.0	0.631
-80.0	0.658
-85.0	0.623
-90.0	0.616
-12000	0.616
2013-12-15 00:00:00	20	2
-0.0	0.531
-5.0	0.571
-10.0	0.553
-15.0	0.574
-20.0	0.570
-25.0	0.568
-30.0	0.555
-35.0	0.529
-40.0	0.534
-45.0	0.549
-50.0	0.531
-55.0	0.553
-60.0	0.557
-65.0	0.595
-70.0	0.578
-75.0	0.588
-80.0	0.605
-85.0	0.566
-90.0	0.577
-12000	0.577
2014-01-15 00:00:00	20	2
-0.0	0.644
-5.0	0.629
-10.0	0.621
-15.0	0.623
-20.0	0.621
-25.0	0.618
-30.0	0.609
-35.0	0.532
-40.0	0.547
-45.0	0.536
-50.0	0.541
-55.0	0.528
-60.0	0.560
-65.0	0.572
-70.0	0.592
-75.0	0.625
-80.0	0.554
-85.0	0.553
-90.0	0.682
-12000	0.682
2014-02-15 00:00:00	20	2
-0.0	0.598
-5.0	0.582
-10.0	0.575
-15.0	0.570
-20.0	0.569
-25.0	0.567
-30.0	0.580
-35.0	0.553
-40.0	0.566
-45.0	0.570
-50.0	0.570
-55.0	0.595
-60.0	0.628
-65.0	0.658
-70.0	0.647
-75.0	0.622
-80.0	0.651
-85.0	0.624
-90.0	0.723
-12000	0.723
2014-03-15 00:00:00	20	2
-0.0	0.589
-5.0	0.596
-10.0	0.603
-15.0	0.601
-20.0	0.603
-25.0	0.610
-30.0	0.614
-35.0	0.570
-40.0	0.589
-45.0	0.588
-50.0	0.590
-55.0	0.567
-60.0	0.577
-65.0	0.613
-70.0	0.618
-75.0	0.633
-80.0	0.640
-85.0	0.573
-90.0	0.702
-12000	0.702
2014-04-15 00:00:00	20	2
-0.0	0.378
-5.0	0.362
-10.0	0.382
-15.0	0.384
-20.0	0.388
-25.0	0.399
-30.0	0.425
-35.0	0.452
-40.0	0.476
-45.0	0.503
-50.0	0.513
-55.0	0.549
-60.0	0.565
-65.0	0.581
-70.0	0.599
-75.0	0.586
-80.0	0.593
-85.0	0.584
-90.0	0.625
-12000	0.625
2014-05-15 00:00:00	20	2
-0.0	0.201
-5.0	0.187
-10.0	0.199
-15.0	0.209
-20.0	0.219
-25.0	0.245
-30.0	0.269
-35.0	0.302
-40.0	0.341
-45.0	0.373
-50.0	0.412
-55.0	0.437
-60.0	0.489
-65.0	0.522
-70.0	0.535
-75.0	0.558
-80.0	0.521
-85.0	0.595
-90.0	0.630
-12000	0.630
2014-06-15 00:00:00	20	2
-0.0	0.182
-5.0	0.158
-10.0	0.160
-15.0	0.171
-20.0	0.189
-25.0	0.225
-30.0	0.268
-35.0	0.325
-40.0	0.387
-45.0	0.439
-50.0	0.505
-55.0	0.548
-60.0	0.583
-65.0	0.612
-70.0	0.616
-75.0	0.663
-80.0	0.659
-85.0	0.697
-90.0	0.732
-12000	0.732
2014-07-15 00:00:00	20	2
-0.0	0.189
-5.0	0.177
-10.0	0.181
-15.0	0.189
-20.0	0.206
-25.0	0.244
-30.0	0.287
-35.0	0.351
-40.0	0.430
-45.0	0.494
-50.0	0.552
-55.0	0.611
-60.0	0.637
-65.0	0.661
-70.0	0.693
-75.0	0.723
-80.0	0.708
-85.0	0.659
-90.0	0.736
-12000	0.736
2014-08-15 00:00:00	20	2
-0.0	0.135
-5.0	0.137
-10.0	0.131
-15.0	0.148
-20.0	0.146
-25.0	0.187
-30.0	0.215
-35.0	0.279
-40.0	0.359
-45.0	0.428
-50.0	0.500
-55.0	0.548
-60.0	0.594
-65.0	0.627
-70.0	0.649
-75.0	0.692
-80.0	0.728
-85.0	0.687
-90.0	0.727
-12000	0.727
2014-09-15 00:00:00	20	2
-0.0	0.196
-5.0	0.197
-10.0	0.200
-15.0	0.209
-20.0	0.218
-25.0	0.240
-30.0	0.269
-35.0	0.298
-40.0	0.384
-45.0	0.472
-50.0	0.536
-55.0	0.620
-60.0	0.643
-65.0	0.711
-70.0	0.754
-75.0	0.772
-80.0	0.820
-85.0	0.731
-90.0	0.669
-12000	0.669
2014-10-15 00:00:00	20	2
-0.0	0.297
-5.0	0.307
-10.0	0.294
-15.0	0.292
-20.0	0.312
-25.0	0.318
-30.0	0.351
-35.0	0.389
-40.0	0.479
-45.0	0.479
-50.0	0.513
-55.0	0.603
-60.0	0.645
-65.0	0.705
-70.0	0.712
-75.0	0.792
-80.0	0.794
-85.0	0.724
-90.0	0.768
-12000	0.768
2014-11-15 00:00:00	20	2
-0.0	0.436
-5.0	0.431
-10.0	0.425
-15.0	0.422
-20.0	0.424
-25.0	0.428
-30.0	0.430
-35.0	0.429
-40.0	0.437
-45.0	0.448
-50.0	0.460
-55.0	0.485
-60.0	0.523
-65.0	0.586
-70.0	0.592
-75.0	0.631
-80.0	0.658
-85.0	0.623
-90.0	0.616
-12000	0.616
2014-12-15 00:00:00	20	2
-0.0	0.531
-5.0	0.571
-10.0	0.553
-15.0	0.574
-20.0	0.570
-25.0	0.568
-30.0	0.555
-35.0	0.529
-40.0	0.534
-45.0	0.549
-50.0	0.531
-55.0	0.553
-60.0	0.557
-65.0	0.595
-70.0	0.578
-75.0	0.588
-80.0	0.605
-85.0	0.566
-90.0	0.577
-12000	0.577
2015-01-15 00:00:00	20	2
-0.0	0.644
-5.0	0.629
-10.0	0.621
-15.0	0.623
-20.0	0.621
-25.0	0.618
-30.0	0.609
-35.0	0.532
-40.0	0.547
-45.0	0.536
-50.0	0.541
-55.0	0.528
-60.0	0.560
-65.0	0.572
-70.0	0.592
-75.0	0.625
-80.0	0.554
-85.0	0.553
-90.0	0.682
-12000	0.682
2015-02-15 00:00:00	20	2
-0.0	0.598
-5.0	0.582
-10.0	0.575
-15.0	0.570
-20.0	0.569
-25.0	0.567
-30.0	0.580
-35.0	0.553
-40.0	0.566
-45.0	0.570
-50.0	0.570
-55.0	0.595
-60.0	0.628
-65.0	0.658
-70.0	0.647
-75.0	0.622
-80.0	0.651
-85.0	0.624
-90.0	0.723
-12000	0.723
2015-03-15 00:00:00	20	2
-0.0	0.589
-5.0	0.596
-10.0	0.603
-15.0	0.601
-20.0	0.603
-25.0	0.610
-30.0	0.614
-35.0	0.570
-40.0	0.589
-45.0	0.588
-50.0	0.590
-55.0	0.567
-60.0	0.577
-65.0	0.613
-70.0	0.618
-75.0	0.633
-80.0	0.640
-85.0	0.573
-90.0	0.702
-12000	0.702
2015-04-15 00:00:00	20	2
-0.0	0.378
-5.0	0.362
-10.0	0.382
-15.0	0.384
-20.0	0.388
-25.0	0.399
-30.0	0.425
-35.0	0.452
-40.0	0.476
-45.0	0.503
-50.0	0.513
-55.0	0.549
-60.0	0.565
-65.0	0.581
-70.0	0.599
-75.0	0.586
-80.0	0.593
-85.0	0.584
-90.0	0.625
-12000	0.625
2015-05-15 00:00:00	20	2
-0.0	0.201
-5.0	0.187
-10.0	0.199
-15.0	0.209
-20.0	0.219
-25.0	0.245
-30.0	0.269
-35.0	0.302
-40.0	0.341
-45.0	0.373
-50.0	0.412
-55.0	0.437
-60.0	0.489
-65.0	0.522
-70.0	0.535
-75.0	0.558
-80.0	0.521
-85.0	0.595
-90.0	0.630
-12000	0.630
2015-06-15 00:00:00	20	2
-0.0	0.182
-5.0	0.158
-10.0	0.160
-15.0	0.171
-20.0	0.189
-25.0	0.225
-30.0	0.268
-35.0	0.325
-40.0	0.387
-45.0	0.439
-50.0	0.505
-55.0	0.548
-60.0	0.583
-65.0	0.612
-70.0	0.616
-75.0	0.663
-80.0	0.659
-85.0	0.697
-90.0	0.732
-12000	0.732
2015-07-15 00:00:00	20	2
-0.0	0.189
-5.0	0.177
-10.0	0.181
-15.0	0.189
-20.0	0.206
-25.0	0.244
-30.0	0.287
-35.0	0.351
-40.0	0.430
-45.0	0.494
-50.0	0.552
-55.0	0.611
-60.0	0.637
-65.0	0.661
-70.0	0.693
-75.0	0.723
-80.0	0.708
-85.0	0.659
-90.0	0.736
-12000	0.736
2015-08-15 00:00:00	20	2
-0.0	0.135
-5.0	0.137
-10.0	0.131
-15.0	0.148
-20.0	0.146
-25.0	0.187
-30.0	0.215
-35.0	0.279
-40.0	0.359
-45.0	0.428
-50.0	0.500
-55.0	0.548
-60.0	0.594
-65.0	0.627
-70.0	0.649
-75.0	0.692
-80.0	0.728
-85.0	0.687
-90.0	0.727
-12000	0.727
2015-09-15 00:00:00	20	2
-0.0	0.196
-5.0	0.197
-10.0	0.200
-15.0	0.209
-20.0	0.218
-25.0	0.240
-30.0	0.269
-35.0	0.298
-40.0	0.384
-45.0	0.472
-50.0	0.536
-55.0	0.620
-60.0	0.643
-65.0	0.711
-70.0	0.754
-75.0	0.772
-80.0	0.820
-85.0	0.731
-90.0	0.669
-12000	0.669
2015-10-15 00:00:00	20	2
-0.0	0.297
-5.0	0.307
-10.0	0.294
-15.0	0.292
-20.0	0.312
-25.0	0.318
-30.0	0.351
-35.0	0.389
-40.0	0.479
-45.0	0.479
-50.0	0.513
-55.0	0.603
-60.0	0.645
-65.0	0.705
-70.0	0.712
-75.0	0.792
-80.0	0.794
-85.0	0.724
-90.0	0.768
-12000	0.768
2015-11-15 00:00:00	20	2
-0.0	0.436
-5.0	0.431
-10.0	0.425
-15.0	0.422
-20.0	0.424
-25.0	0.428
-30.0	0.430
-35.0	0.429
-40.0	0.437
-45.0	0.448
-50.0	0.460
-55.0	0.485
-60.0	0.523
-65.0	0.586
-70.0	0.592
-75.0	0.631
-80.0	0.658
-85.0	0.623
-90.0	0.616
-12000	0.616
2015-12-15 00:00:00	20	2
-0.0	0.531
-5.0	0.571
-10.0	0.553
-15.0	0.574
-20.0	0.570
-25.0	0.568
-30.0	0.555
-35.0	0.529
-40.0	0.534
-45.0	0.549
-50.0	0.531
-55.0	0.553
-60.0	0.557
-65.0	0.595
-70.0	0.578
-75.0	0.588
-80.0	0.605
-85.0	0.566
-90.0	0.577
-12000	0.577
2016-01-15 00:00:00	20	2
-0.0	0.644
-5.0	0.629
-10.0	0.621
-15.0	0.623
-20.0	0.621
-25.0	0.618
-30.0	0.609
-35.0	0.532
-40.0	0.547
-45.0	0.536
-50.0	0.541
-55.0	0.528
-60.0	0.560
-65.0	0.572
-70.0	0.592
-75.0	0.625
-80.0	0.554
-85.0	0.553
-90.0	0.682
-12000	0.682
2016-02-15 00:00:00	20	2
-0.0	0.598
-5.0	0.582
-10.0	0.575
-15.0	0.570
-20.0	0.569
-25.0	0.567
-30.0	0.580
-35.0	0.553
-40.0	0.566
-45.0	0.570
-50.0	0.570
-55.0	0.595
-60.0	0.628
-65.0	0.658
-70.0	0.647
-75.0	0.622
-80.0	0.651
-85.0	0.624
-90.0	0.723
-12000	0.723
2016-03-15 00:00:00	20	2
-0.0	0.589
-5.0	0.596
-10.0	0.603
-15.0	0.601
-20.0	0.603
-25.0	0.610
-30.0	0.614
-35.0	0.570
-40.0	0.589
-45.0	0.588
-50.0	0.590
-55.0	0.567
-60.0	0.577
-65.0	0.613
-70.0	0.618
-75.0	0.633
-80.0	0.640
-85.0	0.573
-90.0	0.702
-12000	0.702
2016-04-15 00:00:00	20	2
-0.0	0.378
-5.0	0.362
-10.0	0.382
-15.0	0.384
-20.0	0.388
-25.0	0.399
-30.0	0.425
-35.0	0.452
-40.0	0.476
-45.0	0.503
-50.0	0.513
-55.0	0.549
-60.0	0.565
-65.0	0.581
-70.0	0.599
-75.0	0.586
-80.0	0.593
-85.0	0.584
-90.0	0.625
-12000	0.625
2016-05-15 00:00:00	20	2
-0.0	0.201
-5.0	0.187
-10.0	0.199
-15.0	0.209
-20.0	0.219
-25.0	0.245
-30.0	0.269
-35.0	0.302
-40.0	0.341
-45.0	0.373
-50.0	0.412
-55.0	0.437
-60.0	0.489
-65.0	0.522
-70.0	0.535
-75.0	0.558
-80.0	0.521
-85.0	0.595
-90.0	0.630
-12000	0.630
2016-06-15 00:00:00	20	2
-0.0	0.182
-5.0	0.158
-10.0	0.160
-15.0	0.171
-20.0	0.189
-25.0	0.225
-30.0	0.268
-35.0	0.325
-40.0	0.387
-45.0	0.439
-50.0	0.505
-55.0	0.548
-60.0	0.583
-65.0	0.612
-70.0	0.616
-75.0	0.663
-80.0	0.659
-85.0	0.697
-90.0	0.732
-12000	0.732
2016-07-15 00:00:00	20	2
-0.0	0.189
-5.0	0.177
-10.0	0.181
-15.0	0.189
-20.0	0.206
-25.0	0.244
-30.0	0.287
-35.0	0.351
-40.0	0.430
-45.0	0.494
-50.0	0.552
-55.0	0.611
-60.0	0.637
-65.0	0.661
-70.0	0.693
-75.0	0.723
-80.0	0.708
-85.0	0.659
-90.0	0.736
-12000	0.736
2016-08-15 00:00:00	20	2
-0.0	0.135
-5.0	0.137
-10.0	0.131
-15.0	0.148
-20.0	0.146
-25.0	0.187
-30.0	0.215
-35.0	0.279
-40.0	0.359
-45.0	0.428
-50.0	0.500
-55.0	0.548
-60.0	0.594
-65.0	0.627
-70.0	0.649
-75.0	0.692
-80.0	0.728
-85.0	0.687
-90.0	0.727
-12000	0.727
2016-09-15 00:00:00	20	2
-0.0	0.196
-5.0	0.197
-10.0	0.200
-15.0	0.209
-20.0	0.218
-25.0	0.240
-30.0	0.269
-35.0	0.298
-40.0	0.384
-45.0	0.472
-50.0	0.536
-55.0	0.620
-60.0	0.643
-65.0	0.711
-70.0	0.754
-75.0	0.772
-80.0	0.820
-85.0	0.731
-90.0	0.669
-12000	0.669
2016-10-15 00:00:00	20	2
-0.0	0.297
-5.0	0.307
-10.0	0.294
-15.0	0.292
-20.0	0.312
-25.0	0.318
-30.0	0.351
-35.0	0.389
-40.0	0.479
-45.0	0.479
-50.0	0.513
-55.0	0.603
-60.0	0.645
-65.0	0.705
-70.0	0.712
-75.0	0.792
-80.0	0.794
-85.0	0.724
-90.0	0.768
-12000	0.768
2016-11-15 00:00:00	20	2
-0.0	0.436
-5.0	0.431
-10.0	0.425
-15.0	0.422
-20.0	0.424
-25.0	0.428
-30.0	0.430
-35.0	0.429
-40.0	0.437
-45.0	0.448
-50.0	0.460
-55.0	0.485
-60.0	0.523
-65.0	0.586
-70.0	0.592
-75.0	0.631
-80.0	0.658
-85.0	0.623
-90.0	0.616
-12000	0.616
2016-12-15 00:00:00	20	2
-0.0	0.531
-5.0	0.571
-10.0	0.553
-15.0	0.574
-20.0	0.570
-25.0	0.568
-30.0	0.555
-35.0	0.529
-40.0	0.534
-45.0	0.549
-50.0	0.531
-55.0	0.553
-60.0	0.557
-65.0	0.595
-70.0	0.578
-75.0	0.588
-80.0	0.605
-85.0	0.566
-90.0	0.577
-12000	0.577
2017-01-15 00:00:00	20	2
-0.0	0.644
-5.0	0.629
-10.0	0.621
-15.0	0.623
-20.0	0.621
-25.0	0.618
-30.0	0.609
-35.0	0.532
-40.0	0.547
-45.0	0.536
-50.0	0.541
-55.0	0.528
-60.0	0.560
-65.0	0.572
-70.0	0.592
-75.0	0.625
-80.0	0.554
-85.0	0.553
-90.0	0.682
-12000	0.682
2017-02-15 00:00:00	20	2
-0.0	0.598
-5.0	0.582
-10.0	0.575
-15.0	0.570
-20.0	0.569
-25.0	0.567
-30.0	0.580
-35.0	0.553
-40.0	0.566
-45.0	0.570
-50.0	0.570
-55.0	0.595
-60.0	0.628
-65.0	0.658
-70.0	0.647
-75.0	0.622
-80.0	0.651
-85.0	0.624
-90.0	0.723
-12000	0.723
2017-03-15 00:00:00	20	2
-0.0	0.589
-5.0	0.596
-10.0	0.603
-15.0	0.601
-20.0	0.603
-25.0	0.610
-30.0	0.614
-35.0	0.570
-40.0	0.589
-45.0	0.588
-50.0	0.590
-55.0	0.567
-60.0	0.577
-65.0	0.613
-70.0	0.618
-75.0	0.633
-80.0	0.640
-85.0	0.573
-90.0	0.702
-12000	0.702
2017-04-15 00:00:00	20	2
-0.0	0.378
-5.0	0.362
-10.0	0.382
-15.0	0.384
-20.0	0.388
-25.0	0.399
-30.0	0.425
-35.0	0.452
-40.0	0.476
-45.0	0.503
-50.0	0.513
-55.0	0.549
-60.0	0.565
-65.0	0.581
-70.0	0.599
-75.0	0.586
-80.0	0.593
-85.0	0.584
-90.0	0.625
-12000	0.625
2017-05-15 00:00:00	20	2
-0.0	0.201
-5.0	0.187
-10.0	0.199
-15.0	0.209
-20.0	0.219
-25.0	0.245
-30.0	0.269
-35.0	0.302
-40.0	0.341
-45.0	0.373
-50.0	0.412
-55.0	0.437
-60.0	0.489
-65.0	0.522
-70.0	0.535
-75.0	0.558
-80.0	0.521
-85.0	0.595
-90.0	0.630
-12000	0.630
2017-06-15 00:00:00	20	2
-0.0	0.182
-5.0	0.158
-10.0	0.160
-15.0	0.171
-20.0	0.189
-25.0	0.225
-30.0	0.268
-35.0	0.325
-40.0	0.387
-45.0	0.439
-50.0	0.505
-55.0	0.548
-60.0	0.583
-65.0	0.612
-70.0	0.616
-75.0	0.663
-80.0	0.659
-85.0	0.697
-90.0	0.732
-12000	0.732
2017-07-15 00:00:00	20	2
-0.0	0.189
-5.0	0.177
-10.0	0.181
-15.0	0.189
-20.0	0.206
-25.0	0.244
-30.0	0.287
-35.0	0.351
-40.0	0.430
-45.0	0.494
-50.0	0.552
-55.0	0.611
-60.0	0.637
-65.0	0.661
-70.0	0.693
-75.0	0.723
-80.0	0.708
-85.0	0.659
-90.0	0.736
-12000	0.736
2017-08-15 00:00:00	20	2
-0.0	0.135
-5.0	0.137
-10.0	0.131
-15.0	0.148
-20.0	0.146
-25.0	0.187
-30.0	0.215
-35.0	0.279
-40.0	0.359
-45.0	0.428
-50.0	0.500
-55.0	0.548
-60.0	0.594
-65.0	0.627
-70.0	0.649
-75.0	0.692
-80.0	0.728
-85.0	0.687
-90.0	0.727
-12000	0.727
2017-09-15 00:00:00	20	2
-0.0	0.196
-5.0	0.197
-10.0	0.200
-15.0	0.209
-20.0	0.218
-25.0	0.240
-30.0	0.269
-35.0	0.298
-40.0	0.384
-45.0	0.472
-50.0	0.536
-55.0	0.620
-60.0	0.643
-65.0	0.711
-70.0	0.754
-75.0	0.772
-80.0	0.820
-85.0	0.731
-90.0	0.669
-12000	0.669
2017-10-15 00:00:00	20	2
-0.0	0.297
-5.0	0.307
-10.0	0.294
-15.0	0.292
-20.0	0.312
-25.0	0.318
-30.0	0.351
-35.0	0.389
-40.0	0.479
-45.0	0.479
-50.0	0.513
-55.0	0.603
-60.0	0.645
-65.0	0.705
-70.0	0.712
-75.0	0.792
-80.0	0.794
-85.0	0.724
-90.0	0.768
-12000	0.768
2017-11-15 00:00:00	20	2
-0.0	0.436
-5.0	0.431
-10.0	0.425
-15.0	0.422
-20.0	0.424
-25.0	0.428
-30.0	0.430
-35.0	0.429
-40.0	0.437
-45.0	0.448
-50.0	0.460
-55.0	0.485
-60.0	0.523
-65.0	0.586
-70.0	0.592
-75.0	0.631
-80.0	0.658
-85.0	0.623
-90.0	0.616
-12000	0.616
2017-12-15 00:00:00	20	2
-0.0	0.531
-5.0	0.571
-10.0	0.553
-15.0	0.574
-20.0	0.570
-25.0	0.568
-30.0	0.555
-35.0	0.529
-40.0	0.534
-45.0	0.549
-50.0	0.531
-55.0	0.553
-60.0	0.557
-65.0	0.595
-70.0	0.578
-75.0	0.588
-80.0	0.605
-85.0	0.566
-90.0	0.577
-12000	0.577
2018-01-15 00:00:00	20	2
-0.0	0.644
-5.0	0.629
-10.0	0.621
-15.0	0.623
-20.0	0.621
-25.0	0.618
-30.0	0.609
-35.0	0.532
-40.0	0.547
-45.0	0.536
-50.0	0.541
-55.0	0.528
-60.0	0.560
-65.0	0.572
-70.0	0.592
-75.0	0.625
-80.0	0.554
-85.0	0.553
-90.0	0.682
-12000	0.682
2018-02-15 00:00:00	20	2
-0.0	0.598
-5.0	0.582
-10.0	0.575
-15.0	0.570
-20.0	0.569
-25.0	0.567
-30.0	0.580
-35.0	0.553
-40.0	0.566
-45.0	0.570
-50.0	0.570
-55.0	0.595
-60.0	0.628
-65.0	0.658
-70.0	0.647
-75.0	0.622
-80.0	0.651
-85.0	0.624
-90.0	0.723
-12000	0.723
2018-03-15 00:00:00	20	2
-0.0	0.589
-5.0	0.596
-10.0	0.603
-15.0	0.601
-20.0	0.603
-25.0	0.610
-30.0	0.614
-35.0	0.570
-40.0	0.589
-45.0	0.588
-50.0	0.590
-55.0	0.567
-60.0	0.577
-65.0	0.613
-70.0	0.618
-75.0	0.633
-80.0	0.640
-85.0	0.573
-90.0	0.702
-12000	0.702
2018-04-15 00:00:00	20	2
-0.0	0.378
-5.0	0.362
-10.0	0.382
-15.0	0.384
-20.0	0.388
-25.0	0.399
-30.0	0.425
-35.0	0.452
-40.0	0.476
-45.0	0.503
-50.0	0.513
-55.0	0.549
-60.0	0.565
-65.0	0.581
-70.0	0.599
-75.0	0.586
-80.0	0.593
-85.0	0.584
-90.0	0.625
-12000	0.625
2018-05-15 00:00:00	20	2
-0.0	0.201
-5.0	0.187
-10.0	0.199
-15.0	0.209
-20.0	0.219
-25.0	0.245
-30.0	0.269
-35.0	0.302
-40.0	0.341
-45.0	0.373
-50.0	0.412
-55.0	0.437
-60.0	0.489
-65.0	0.522
-70.0	0.535
-75.0	0.558
-80.0	0.521
-85.0	0.595
-90.0	0.630
-12000	0.630
2018-06-15 00:00:00	20	2
-0.0	0.182
-5.0	0.158
-10.0	0.160
-15.0	0.171
-20.0	0.189
-25.0	0.225
-30.0	0.268
-35.0	0.325
-40.0	0.387
-45.0	0.439
-50.0	0.505
-55.0	0.548
-60.0	0.583
-65.0	0.612
-70.0	0.616
-75.0	0.663
-80.0	0.659
-85.0	0.697
-90.0	0.732
-12000	0.732
2018-07-15 00:00:00	20	2
-0.0	0.189
-5.0	0.177
-10.0	0.181
-15.0	0.189
-20.0	0.206
-25.0	0.244
-30.0	0.287
-35.0	0.351
-40.0	0.430
-45.0	0.494
-50.0	0.552
-55.0	0.611
-60.0	0.637
-65.0	0.661
-70.0	0.693
-75.0	0.723
-80.0	0.708
-85.0	0.659
-90.0	0.736
-12000	0.736
2018-08-15 00:00:00	20	2
-0.0	0.135
-5.0	0.137
-10.0	0.131
-15.0	0.148
-20.0	0.146
-25.0	0.187
-30.0	0.215
-35.0	0.279
-40.0	0.359
-45.0	0.428
-50.0	0.500
-55.0	0.548
-60.0	0.594
-65.0	0.627
-70.0	0.649
-75.0	0.692
-80.0	0.728
-85.0	0.687
-90.0	0.727
-12000	0.727
2018-09-15 00:00:00	20	2
-0.0	0.196
-5.0	0.197
-10.0	0.200
-15.0	0.209
-20.0	0.218
-25.0	0.240
-30.0	0.269
-35.0	0.298
-40.0	0.384
-45.0	0.472
-50.0	0.536
-55.0	0.620
-60.0	0.643
-65.0	0.711
-70.0	0.754
-75.0	0.772
-80.0	0.820
-85.0	0.731
-90.0	0.669
-12000	0.669
2018-10-15 00:00:00	20	2
-0.0	0.297
-5.0	0.307
-10.0	0.294
-15.0	0.292
-20.0	0.312
-25.0	0.318
-30.0	0.351
-35.0	0.389
-40.0	0.479
-45.0	0.479
-50.0	0.513
-55.0	0.603
-60.0	0.645
-65.0	0.705
-70.0	0.712
-75.0	0.792
-80.0	0.794
-85.0	0.724
-90.0	0.768
-12000	0.768
2018-11-15 00:00:00	20	2
-0.0	0.436
-5.0	0.431
-10.0	0.425
-15.0	0.422
-20.0	0.424
-25.0	0.428
-30.0	0.430
-35.0	0.429
-40.0	0.437
-45.0	0.448
-50.0	0.460
-55.0	0.485
-60.0	0.523
-65.0	0.586
-70.0	0.592
-75.0	0.631
-80.0	0.658
-85.0	0.623
-90.0	0.616
-12000	0.616
2018-12-15 00:00:00	20	2
-0.0	0.531
-5.0	0.571
-10.0	0.553
-15.0	0.574
-20.0	0.570
-25.0	0.568
-30.0	0.555
-35.0	0.529
-40.0	0.534
-45.0	0.549
-50.0	0.531
-55.0	0.553
-60.0	0.557
-65.0	0.595
-70.0	0.578
-75.0	0.588
-80.0	0.605
-85.0	0.566
-90.0	0.577
-12000	0.577
2019-01-15 00:00:00	20	2
-0.0	0.644
-5.0	0.629
-10.0	0.621
-15.0	0.623
-20.0	0.621
-25.0	0.618
-30.0	0.609
-35.0	0.532
-40.0	0.547
-45.0	0.536
-50.0	0.541
-55.0	0.528
-60.0	0.560
-65.0	0.572
-70.0	0.592
-75.0	0.625
-80.0	0.554
-85.0	0.553
-90.0	0.682
-12000	0.682
2019-02-15 00:00:00	20	2
-0.0	0.598
-5.0	0.582
-10.0	0.575
-15.0	0.570
-20.0	0.569
-25.0	0.567
-30.0	0.580
-35.0	0.553
-40.0	0.566
-45.0	0.570
-50.0	0.570
-55.0	0.595
-60.0	0.628
-65.0	0.658
-70.0	0.647
-75.0	0.622
-80.0	0.651
-85.0	0.624
-90.0	0.723
-12000	0.723
2019-03-15 00:00:00	20	2
-0.0	0.589
-5.0	0.596
-10.0	0.603
-15.0	0.601
-20.0	0.603
-25.0	0.610
-30.0	0.614
-35.0	0.570
-40.0	0.589
-45.0	0.588
-50.0	0.590
-55.0	0.567
-60.0	0.577
-65.0	0.613
-70.0	0.618
-75.0	0.633
-80.0	0.640
-85.0	0.573
-90.0	0.702
-12000	0.702
2019-04-15 00:00:00	20	2
-0.0	0.378
-5.0	0.362
-10.0	0.382
-15.0	0.384
-20.0	0.388
-25.0	0.399
-30.0	0.425
-35.0	0.452
-40.0	0.476
-45.0	0.503
-50.0	0.513
-55.0	0.549
-60.0	0.565
-65.0	0.581
-70.0	0.599
-75.0	0.586
-80.0	0.593
-85.0	0.584
-90.0	0.625
-12000	0.625
2019-05-15 00:00:00	20	2
-0.0	0.201
-5.0	0.187
-10.0	0.199
-15.0	0.209
-20.0	0.219
-25.0	0.245
-30.0	0.269
-35.0	0.302
-40.0	0.341
-45.0	0.373
-50.0	0.412
-55.0	0.437
-60.0	0.489
-65.0	0.522
-70.0	0.535
-75.0	0.558
-80.0	0.521
-85.0	0.595
-90.0	0.630
-12000	0.630
2019-06-15 00:00:00	20	2
-0.0	0.182
-5.0	0.158
-10.0	0.160
-15.0	0.171
-20.0	0.189
-25.0	0.225
-30.0	0.268
-35.0	0.325
-40.0	0.387
-45.0	0.439
-50.0	0.505
-55.0	0.548
-60.0	0.583
-65.0	0.612
-70.0	0.616
-75.0	0.663
-80.0	0.659
-85.0	0.697
-90.0	0.732
-12000	0.732
2019-07-15 00:00:00	20	2
-0.0	0.189
-5.0	0.177
-10.0	0.181
-15.0	0.189
-20.0	0.206
-25.0	0.244
-30.0	0.287
-35.0	0.351
-40.0	0.430
-45.0	0.494
-50.0	0.552
-55.0	0.611
-60.0	0.637
-65.0	0.661
-70.0	0.693
-75.0	0.723
-80.0	0.708
-85.0	0.659
-90.0	0.736
-12000	0.736
2019-08-15 00:00:00	20	2
-0.0	0.135
-5.0	0.137
-10.0	0.131
-15.0	0.148
-20.0	0.146
-25.0	0.187
-30.0	0.215
-35.0	0.279
-40.0	0.359
-45.0	0.428
-50.0	0.500
-55.0	0.548
-60.0	0.594
-65.0	0.627
-70.0	0.649
-75.0	0.692
-80.0	0.728
-85.0	0.687
-90.0	0.727
-12000	0.727
2019-09-15 00:00:00	20	2
-0.0	0.196
-5.0	0.197
-10.0	0.200
-15.0	0.209
-20.0	0.218
-25.0	0.240
-30.0	0.269
-35.0	0.298
-40.0	0.384
-45.0	0.472
-50.0	0.536
-55.0	0.620
-60.0	0.643
-65.0	0.711
-70.0	0.754
-75.0	0.772
-80.0	0.820
-85.0	0.731
-90.0	0.669
-12000	0.669
2019-10-15 00:00:00	20	2
-0.0	0.297
-5.0	0.307
-10.0	0.294
-15.0	0.292
-20.0	0.312
-25.0	0.318
-30.0	0.351
-35.0	0.389
-40.0	0.479
-45.0	0.479
-50.0	0.513
-55.0	0.603
-60.0	0.645
-65.0	0.705
-70.0	0.712
-75.0	0.792
-80.0	0.794
-85.0	0.724
-90.0	0.768
-12000	0.768
2019-11-15 00:00:00	20	2
-0.0	0.436
-5.0	0.431
-10.0	0.425
-15.0	0.422
-20.0	0.424
-25.0	0.428
-30.0	0.430
-35.0	0.429
-40.0	0.437
-45.0	0.448
-50.0	0.460
-55.0	0.485
-60.0	0.523
-65.0	0.586
-70.0	0.592
-75.0	0.631
-80.0	0.658
-85.0	0.623
-90.0	0.616
-12000	0.616
2019-12-15 00:00:00	20	2
-0.0	0.531
-5.0	0.571
-10.0	0.553
-15.0	0.574
-20.0	0.570
-25.0	0.568
-30.0	0.555
-35.0	0.529
-40.0	0.534
-45.0	0.549
-50.0	0.531
-55.0	0.553
-60.0	0.557
-65.0	0.595
-70.0	0.578
-75.0	0.588
-80.0	0.605
-85.0	0.566
-90.0	0.577
-12000	0.577
2020-01-15 00:00:00	20	2
-0.0	0.644
-5.0	0.629
-10.0	0.621
-15.0	0.623
-20.0	0.621
-25.0	0.618
-30.0	0.609
-35.0	0.532
-40.0	0.547
-45.0	0.536
-50.0	0.541
-55.0	0.528
-60.0	0.560
-65.0	0.572
-70.0	0.592
-75.0	0.625
-80.0	0.554
-85.0	0.553
-90.0	0.682
-12000	0.682
2020-02-15 00:00:00	20	2
-0.0	0.598
-5.0	0.582
-10.0	0.575
-15.0	0.570
-20.0	0.569
-25.0	0.567
-30.0	0.580
-35.0	0.553
-40.0	0.566
-45.0	0.570
-50.0	0.570
-55.0	0.595
-60.0	0.628
-65.0	0.658
-70.0	0.647
-75.0	0.622
-80.0	0.651
-85.0	0.624
-90.0	0.723
-12000	0.723
2020-03-15 00:00:00	20	2
-0.0	0.589
-5.0	0.596
-10.0	0.603
-15.0	0.601
-20.0	0.603
-25.0	0.610
-30.0	0.614
-35.0	0.570
-40.0	0.589
-45.0	0.588
-50.0	0.590
-55.0	0.567
-60.0	0.577
-65.0	0.613
-70.0	0.618
-75.0	0.633
-80.0	0.640
-85.0	0.573
-90.0	0.702
-12000	0.702
2020-04-15 00:00:00	20	2
-0.0	0.378
-5.0	0.362
-10.0	0.382
-15.0	0.384
-20.0	0.388
-25.0	0.399
-30.0	0.425
-35.0	0.452
-40.0	0.476
-45.0	0.503
-50.0	0.513
-55.0	0.549
-60.0	0.565
-65.0	0.581
-70.0	0.599
-75.0	0.586
-80.0	0.593
-85.0	0.584
-90.0	0.625
-12000	0.625
2020-05-15 00:00:00	20	2
-0.0	0.201
-5.0	0.187
-10.0	0.199
-15.0	0.209
-20.0	0.219
-25.0	0.245
-30.0	0.269
-35.0	0.302
-40.0	0.341
-45.0	0.373
-50.0	0.412
-55.0	0.437
-60.0	0.489
-65.0	0.522
-70.0	0.535
-75.0	0.558
-80.0	0.521
-85.0	0.595
-90.0	0.630
-12000	0.630
2020-06-15 00:00:00	20	2
-0.0	0.182
-5.0	0.158
-10.0	0.160
-15.0	0.171
-20.0	0.189
-25.0	0.225
-30.0	0.268
-35.0	0.325
-40.0	0.387
-45.0	0.439
-50.0	0.505
-55.0	0.548
-60.0	0.583
-65.0	0.612
-70.0	0.616
-75.0	0.663
-80.0	0.659
-85.0	0.697
-90.0	0.732
-12000	0.732
2020-07-15 00:00:00	20	2
-0.0	0.189
-5.0	0.177
-10.0	0.181
-15.0	0.189
-20.0	0.206
-25.0	0.244
-30.0	0.287
-35.0	0.351
-40.0	0.430
-45.0	0.494
-50.0	0.552
-55.0	0.611
-60.0	0.637
-65.0	0.661
-70.0	0.693
-75.0	0.723
-80.0	0.708
-85.0	0.659
-90.0	0.736
-12000	0.736
2020-08-15 00:00:00	20	2
-0.0	0.135
-5.0	0.137
-10.0	0.131
-15.0	0.148
-20.0	0.146
-25.0	0.187
-30.0	0.215
-35.0	0.279
-40.0	0.359
-45.0	0.428
-50.0	0.500
-55.0	0.548
-60.0	0.594
-65.0	0.627
-70.0	0.649
-75.0	0.692
-80.0	0.728
-85.0	0.687
-90.0	0.727
-12000	0.727
2020-09-15 00:00:00	20	2
-0.0	0.196
-5.0	0.197
-10.0	0.200
-15.0	0.209
-20.0	0.218
-25.0	0.240
-30.0	0.269
-35.0	0.298
-40.0	0.384
-45.0	0.472
-50.0	0.536
-55.0	0.620
-60.0	0.643
-65.0	0.711
-70.0	0.754
-75.0	0.772
-80.0	0.820
-85.0	0.731
-90.0	0.669
-12000	0.669
2020-10-15 00:00:00	20	2
-0.0	0.297
-5.0	0.307
-10.0	0.294
-15.0	0.292
-20.0	0.312
-25.0	0.318
-30.0	0.351
-35.0	0.389
-40.0	0.479
-45.0	0.479
-50.0	0.513
-55.0	0.603
-60.0	0.645
-65.0	0.705
-70.0	0.712
-75.0	0.792
-80.0	0.794
-85.0	0.724
-90.0	0.768
-12000	0.768
2020-11-15 00:00:00	20	2
-0.0	0.436
-5.0	0.431
-10.0	0.425
-15.0	0.422
-20.0	0.424
-25.0	0.428
-30.0	0.430
-35.0	0.429
-40.0	0.437
-45.0	0.448
-50.0	0.460
-55.0	0.485
-60.0	0.523
-65.0	0.586
-70.0	0.592
-75.0	0.631
-80.0	0.658
-85.0	0.623
-90.0	0.616
-12000	0.616
2020-12-15 00:00:00	20	2
-0.0	0.531
-5.0	0.571
-10.0	0.553
-15.0	0.574
-20.0	0.570
-25.0	0.568
-30.0	0.555
-35.0	0.529
-40.0	0.534
-45.0	0.549
-50.0	0.531
-55.0	0.553
-60.0	0.557
-65.0	0.595
-70.0	0.578
-75.0	0.588
-80.0	0.605
-85.0	0.566
-90.0	0.577
-12000	0.577
2021-01-15 00:00:00	20	2
-0.0	0.644
-5.0	0.629
-10.0	0.621
-15.0	0.623
-20.0	0.621
-25.0	0.618
-30.0	0.609
-35.0	0.532
-40.0	0.547
-45.0	0.536
-50.0	0.541
-55.0	0.528
-60.0	0.560
-65.0	0.572
-70.0	0.592
-75.0	0.625
-80.0	0.554
-85.0	0.553
-90.0	0.682
-12000	0.682
