1999-12-15 00:00:00	20	2
-0.0	3.603
-5.0	3.681
-10.0	3.688
-15.0	3.612
-20.0	3.600
-25.0	3.618
-30.0	3.605
-35.0	3.530
-40.0	3.607
-45.0	3.587
-50.0	3.583
-55.0	3.708
-60.0	3.843
-65.0	3.880
-70.0	3.811
-75.0	3.977
-80.0	4.348
-85.0	4.236
-90.0	4.484
-12000	4.484
2000-01-15 00:00:00	20	2
-0.0	3.511
-5.0	3.605
-10.0	3.652
-15.0	3.611
-20.0	3.584
-25.0	3.641
-30.0	3.732
-35.0	3.265
-40.0	3.357
-45.0	3.511
-50.0	3.475
-55.0	3.579
-60.0	3.988
-65.0	3.911
-70.0	3.689
-75.0	3.529
-80.0	3.782
-85.0	3.818
-90.0	4.271
-12000	4.271
2000-02-15 00:00:00	20	2
-0.0	4.012
-5.0	4.064
-10.0	3.940
-15.0	3.923
-20.0	3.865
-25.0	3.805
-30.0	3.782
-35.0	3.449
-40.0	3.579
-45.0	3.573
-50.0	3.336
-55.0	4.237
-60.0	4.516
-65.0	4.605
-70.0	4.209
-75.0	4.619
-80.0	4.098
-85.0	4.629
-90.0	4.868
-12000	4.868
2000-03-15 00:00:00	20	2
-0.0	3.135
-5.0	2.809
-10.0	2.826
-15.0	2.809
-20.0	2.841
-25.0	2.929
-30.0	3.100
-35.0	3.007
-40.0	3.188
-45.0	3.327
-50.0	3.421
-55.0	3.468
-60.0	3.479
-65.0	3.565
-70.0	3.494
-75.0	3.805
-80.0	3.932
-85.0	4.005
-90.0	4.435
-12000	4.435
2000-04-15 00:00:00	20	2
-0.0	1.684
-5.0	1.480
-10.0	1.504
-15.0	1.490
-20.0	1.512
-25.0	1.528
-30.0	1.660
-35.0	1.901
-40.0	2.160
-45.0	2.159
-50.0	2.494
-55.0	2.517
-60.0	2.666
-65.0	2.938
-70.0	2.969
-75.0	3.047
-80.0	4.175
-85.0	4.202
-90.0	4.079
-12000	4.079
2000-05-15 00:00:00	20	2
-0.0	0.814
-5.0	0.787
-10.0	0.773
-15.0	0.784
-20.0	0.858
-25.0	0.935
-30.0	1.040
-35.0	1.094
-40.0	1.350
-45.0	1.509
-50.0	1.702
-55.0	1.915
-60.0	2.006
-65.0	2.253
-70.0	2.262
-75.0	2.611
-80.0	2.584
-85.0	2.787
-90.0	3.120
-12000	3.120
2000-06-15 00:00:00	20	2
-0.0	0.598
-5.0	0.493
-10.0	0.528
-15.0	0.628
-20.0	0.749
-25.0	1.037
-30.0	1.302
-35.0	1.346
-40.0	1.606
-45.0	1.806
-50.0	2.093
-55.0	2.228
-60.0	2.170
-65.0	2.301
-70.0	2.376
-75.0	2.782
-80.0	3.199
-85.0	3.302
-90.0	3.307
-12000	3.307
2000-07-15 00:00:00	20	2
-0.0	0.789
-5.0	0.689
-10.0	0.748
-15.0	0.921
-20.0	1.096
-25.0	1.404
-30.0	1.760
-35.0	2.042
-40.0	2.502
-45.0	3.021
-50.0	3.387
-55.0	3.515
-60.0	3.554
-65.0	3.445
-70.0	3.685
-75.0	3.850
-80.0	3.842
-85.0	3.804
-90.0	4.267
-12000	4.267
2000-08-15 00:00:00	20	2
-0.0	0.828
-5.0	0.721
-10.0	0.754
-15.0	0.782
-20.0	0.843
-25.0	1.030
-30.0	1.300
-35.0	1.688
-40.0	2.015
-45.0	2.626
-50.0	2.615
-55.0	2.551
-60.0	2.698
-65.0	2.873
-70.0	2.992
-75.0	3.196
-80.0	3.691
-85.0	3.808
-90.0	3.913
-12000	3.913
2000-09-15 00:00:00	20	2
-0.0	1.552
-5.0	1.429
-10.0	1.493
-15.0	1.582
-20.0	1.695
-25.0	1.958
-30.0	2.266
-35.0	2.478
-40.0	2.694
-45.0	3.205
-50.0	3.767
-55.0	3.575
-60.0	3.622
-65.0	3.663
-70.0	3.980
-75.0	3.950
-80.0	4.189
-85.0	5.164
-90.0	4.350
-12000	4.350
2000-10-15 00:00:00	20	2
-0.0	1.735
-5.0	1.954
-10.0	1.980
-15.0	2.004
-20.0	2.035
-25.0	2.122
-30.0	2.245
-35.0	2.520
-40.0	2.735
-45.0	3.014
-50.0	2.829
-55.0	2.971
-60.0	3.350
-65.0	3.949
-70.0	4.028
-75.0	4.437
-80.0	4.949
-85.0	4.891
-90.0	4.918
-12000	4.918
2000-11-15 00:00:00	20	2
-0.0	3.125
-5.0	3.072
-10.0	3.089
-15.0	3.069
-20.0	3.114
-25.0	3.167
-30.0	3.202
-35.0	3.259
-40.0	3.351
-45.0	3.376
-50.0	3.530
-55.0	3.568
-60.0	3.890
-65.0	4.123
-70.0	3.949
-75.0	4.159
-80.0	4.699
-85.0	4.591
-90.0	4.607
-12000	4.607
2000-12-15 00:00:00	20	2
-0.0	3.603
-5.0	3.681
-10.0	3.688
-15.0	3.612
-20.0	3.600
-25.0	3.618
-30.0	3.605
-35.0	3.530
-40.0	3.607
-45.0	3.587
-50.0	3.583
-55.0	3.708
-60.0	3.843
-65.0	3.880
-70.0	3.811
-75.0	3.977
-80.0	4.348
-85.0	4.236
-90.0	4.484
-12000	4.484
2001-01-15 00:00:00	20	2
-0.0	3.511
-5.0	3.605
-10.0	3.652
-15.0	3.611
-20.0	3.584
-25.0	3.641
-30.0	3.732
-35.0	3.265
-40.0	3.357
-45.0	3.511
-50.0	3.475
-55.0	3.579
-60.0	3.988
-65.0	3.911
-70.0	3.689
-75.0	3.529
-80.0	3.782
-85.0	3.818
-90.0	4.271
-12000	4.271
2001-02-15 00:00:00	20	2
-0.0	4.012
-5.0	4.064
-10.0	3.940
-15.0	3.923
-20.0	3.865
-25.0	3.805
-30.0	3.782
-35.0	3.449
-40.0	3.579
-45.0	3.573
-50.0	3.336
-55.0	4.237
-60.0	4.516
-65.0	4.605
-70.0	4.209
-75.0	4.619
-80.0	4.098
-85.0	4.629
-90.0	4.868
-12000	4.868
2001-03-15 00:00:00	20	2
-0.0	3.135
-5.0	2.809
-10.0	2.826
-15.0	2.809
-20.0	2.841
-25.0	2.929
-30.0	3.100
-35.0	3.007
-40.0	3.188
-45.0	3.327
-50.0	3.421
-55.0	3.468
-60.0	3.479
-65.0	3.565
-70.0	3.494
-75.0	3.805
-80.0	3.932
-85.0	4.005
-90.0	4.435
-12000	4.435
2001-04-15 00:00:00	20	2
-0.0	1.684
-5.0	1.480
-10.0	1.504
-15.0	1.490
-20.0	1.512
-25.0	1.528
-30.0	1.660
-35.0	1.901
-40.0	2.160
-45.0	2.159
-50.0	2.494
-55.0	2.517
-60.0	2.666
-65.0	2.938
-70.0	2.969
-75.0	3.047
-80.0	4.175
-85.0	4.202
-90.0	4.079
-12000	4.079
2001-05-15 00:00:00	20	2
-0.0	0.814
-5.0	0.787
-10.0	0.773
-15.0	0.784
-20.0	0.858
-25.0	0.935
-30.0	1.040
-35.0	1.094
-40.0	1.350
-45.0	1.509
-50.0	1.702
-55.0	1.915
-60.0	2.006
-65.0	2.253
-70.0	2.262
-75.0	2.611
-80.0	2.584
-85.0	2.787
-90.0	3.120
-12000	3.120
2001-06-15 00:00:00	20	2
-0.0	0.598
-5.0	0.493
-10.0	0.528
-15.0	0.628
-20.0	0.749
-25.0	1.037
-30.0	1.302
-35.0	1.346
-40.0	1.606
-45.0	1.806
-50.0	2.093
-55.0	2.228
-60.0	2.170
-65.0	2.301
-70.0	2.376
-75.0	2.782
-80.0	3.199
-85.0	3.302
-90.0	3.307
-12000	3.307
2001-07-15 00:00:00	20	2
-0.0	0.789
-5.0	0.689
-10.0	0.748
-15.0	0.921
-20.0	1.096
-25.0	1.404
-30.0	1.760
-35.0	2.042
-40.0	2.502
-45.0	3.021
-50.0	3.387
-55.0	3.515
-60.0	3.554
-65.0	3.445
-70.0	3.685
-75.0	3.850
-80.0	3.842
-85.0	3.804
-90.0	4.267
-12000	4.267
2001-08-15 00:00:00	20	2
-0.0	0.828
-5.0	0.721
-10.0	0.754
-15.0	0.782
-20.0	0.843
-25.0	1.030
-30.0	1.300
-35.0	1.688
-40.0	2.015
-45.0	2.626
-50.0	2.615
-55.0	2.551
-60.0	2.698
-65.0	2.873
-70.0	2.992
-75.0	3.196
-80.0	3.691
-85.0	3.808
-90.0	3.913
-12000	3.913
2001-09-15 00:00:00	20	2
-0.0	1.552
-5.0	1.429
-10.0	1.493
-15.0	1.582
-20.0	1.695
-25.0	1.958
-30.0	2.266
-35.0	2.478
-40.0	2.694
-45.0	3.205
-50.0	3.767
-55.0	3.575
-60.0	3.622
-65.0	3.663
-70.0	3.980
-75.0	3.950
-80.0	4.189
-85.0	5.164
-90.0	4.350
-12000	4.350
2001-10-15 00:00:00	20	2
-0.0	1.735
-5.0	1.954
-10.0	1.980
-15.0	2.004
-20.0	2.035
-25.0	2.122
-30.0	2.245
-35.0	2.520
-40.0	2.735
-45.0	3.014
-50.0	2.829
-55.0	2.971
-60.0	3.350
-65.0	3.949
-70.0	4.028
-75.0	4.437
-80.0	4.949
-85.0	4.891
-90.0	4.918
-12000	4.918
2001-11-15 00:00:00	20	2
-0.0	3.125
-5.0	3.072
-10.0	3.089
-15.0	3.069
-20.0	3.114
-25.0	3.167
-30.0	3.202
-35.0	3.259
-40.0	3.351
-45.0	3.376
-50.0	3.530
-55.0	3.568
-60.0	3.890
-65.0	4.123
-70.0	3.949
-75.0	4.159
-80.0	4.699
-85.0	4.591
-90.0	4.607
-12000	4.607
2001-12-15 00:00:00	20	2
-0.0	3.603
-5.0	3.681
-10.0	3.688
-15.0	3.612
-20.0	3.600
-25.0	3.618
-30.0	3.605
-35.0	3.530
-40.0	3.607
-45.0	3.587
-50.0	3.583
-55.0	3.708
-60.0	3.843
-65.0	3.880
-70.0	3.811
-75.0	3.977
-80.0	4.348
-85.0	4.236
-90.0	4.484
-12000	4.484
2002-01-15 00:00:00	20	2
-0.0	3.511
-5.0	3.605
-10.0	3.652
-15.0	3.611
-20.0	3.584
-25.0	3.641
-30.0	3.732
-35.0	3.265
-40.0	3.357
-45.0	3.511
-50.0	3.475
-55.0	3.579
-60.0	3.988
-65.0	3.911
-70.0	3.689
-75.0	3.529
-80.0	3.782
-85.0	3.818
-90.0	4.271
-12000	4.271
2002-02-15 00:00:00	20	2
-0.0	4.012
-5.0	4.064
-10.0	3.940
-15.0	3.923
-20.0	3.865
-25.0	3.805
-30.0	3.782
-35.0	3.449
-40.0	3.579
-45.0	3.573
-50.0	3.336
-55.0	4.237
-60.0	4.516
-65.0	4.605
-70.0	4.209
-75.0	4.619
-80.0	4.098
-85.0	4.629
-90.0	4.868
-12000	4.868
2002-03-15 00:00:00	20	2
-0.0	3.135
-5.0	2.809
-10.0	2.826
-15.0	2.809
-20.0	2.841
-25.0	2.929
-30.0	3.100
-35.0	3.007
-40.0	3.188
-45.0	3.327
-50.0	3.421
-55.0	3.468
-60.0	3.479
-65.0	3.565
-70.0	3.494
-75.0	3.805
-80.0	3.932
-85.0	4.005
-90.0	4.435
-12000	4.435
2002-04-15 00:00:00	20	2
-0.0	1.684
-5.0	1.480
-10.0	1.504
-15.0	1.490
-20.0	1.512
-25.0	1.528
-30.0	1.660
-35.0	1.901
-40.0	2.160
-45.0	2.159
-50.0	2.494
-55.0	2.517
-60.0	2.666
-65.0	2.938
-70.0	2.969
-75.0	3.047
-80.0	4.175
-85.0	4.202
-90.0	4.079
-12000	4.079
2002-05-15 00:00:00	20	2
-0.0	0.814
-5.0	0.787
-10.0	0.773
-15.0	0.784
-20.0	0.858
-25.0	0.935
-30.0	1.040
-35.0	1.094
-40.0	1.350
-45.0	1.509
-50.0	1.702
-55.0	1.915
-60.0	2.006
-65.0	2.253
-70.0	2.262
-75.0	2.611
-80.0	2.584
-85.0	2.787
-90.0	3.120
-12000	3.120
2002-06-15 00:00:00	20	2
-0.0	0.598
-5.0	0.493
-10.0	0.528
-15.0	0.628
-20.0	0.749
-25.0	1.037
-30.0	1.302
-35.0	1.346
-40.0	1.606
-45.0	1.806
-50.0	2.093
-55.0	2.228
-60.0	2.170
-65.0	2.301
-70.0	2.376
-75.0	2.782
-80.0	3.199
-85.0	3.302
-90.0	3.307
-12000	3.307
2002-07-15 00:00:00	20	2
-0.0	0.789
-5.0	0.689
-10.0	0.748
-15.0	0.921
-20.0	1.096
-25.0	1.404
-30.0	1.760
-35.0	2.042
-40.0	2.502
-45.0	3.021
-50.0	3.387
-55.0	3.515
-60.0	3.554
-65.0	3.445
-70.0	3.685
-75.0	3.850
-80.0	3.842
-85.0	3.804
-90.0	4.267
-12000	4.267
2002-08-15 00:00:00	20	2
-0.0	0.828
-5.0	0.721
-10.0	0.754
-15.0	0.782
-20.0	0.843
-25.0	1.030
-30.0	1.300
-35.0	1.688
-40.0	2.015
-45.0	2.626
-50.0	2.615
-55.0	2.551
-60.0	2.698
-65.0	2.873
-70.0	2.992
-75.0	3.196
-80.0	3.691
-85.0	3.808
-90.0	3.913
-12000	3.913
2002-09-15 00:00:00	20	2
-0.0	1.552
-5.0	1.429
-10.0	1.493
-15.0	1.582
-20.0	1.695
-25.0	1.958
-30.0	2.266
-35.0	2.478
-40.0	2.694
-45.0	3.205
-50.0	3.767
-55.0	3.575
-60.0	3.622
-65.0	3.663
-70.0	3.980
-75.0	3.950
-80.0	4.189
-85.0	5.164
-90.0	4.350
-12000	4.350
2002-10-15 00:00:00	20	2
-0.0	1.735
-5.0	1.954
-10.0	1.980
-15.0	2.004
-20.0	2.035
-25.0	2.122
-30.0	2.245
-35.0	2.520
-40.0	2.735
-45.0	3.014
-50.0	2.829
-55.0	2.971
-60.0	3.350
-65.0	3.949
-70.0	4.028
-75.0	4.437
-80.0	4.949
-85.0	4.891
-90.0	4.918
-12000	4.918
2002-11-15 00:00:00	20	2
-0.0	3.125
-5.0	3.072
-10.0	3.089
-15.0	3.069
-20.0	3.114
-25.0	3.167
-30.0	3.202
-35.0	3.259
-40.0	3.351
-45.0	3.376
-50.0	3.530
-55.0	3.568
-60.0	3.890
-65.0	4.123
-70.0	3.949
-75.0	4.159
-80.0	4.699
-85.0	4.591
-90.0	4.607
-12000	4.607
2002-12-15 00:00:00	20	2
-0.0	3.603
-5.0	3.681
-10.0	3.688
-15.0	3.612
-20.0	3.600
-25.0	3.618
-30.0	3.605
-35.0	3.530
-40.0	3.607
-45.0	3.587
-50.0	3.583
-55.0	3.708
-60.0	3.843
-65.0	3.880
-70.0	3.811
-75.0	3.977
-80.0	4.348
-85.0	4.236
-90.0	4.484
-12000	4.484
2003-01-15 00:00:00	20	2
-0.0	3.511
-5.0	3.605
-10.0	3.652
-15.0	3.611
-20.0	3.584
-25.0	3.641
-30.0	3.732
-35.0	3.265
-40.0	3.357
-45.0	3.511
-50.0	3.475
-55.0	3.579
-60.0	3.988
-65.0	3.911
-70.0	3.689
-75.0	3.529
-80.0	3.782
-85.0	3.818
-90.0	4.271
-12000	4.271
2003-02-15 00:00:00	20	2
-0.0	4.012
-5.0	4.064
-10.0	3.940
-15.0	3.923
-20.0	3.865
-25.0	3.805
-30.0	3.782
-35.0	3.449
-40.0	3.579
-45.0	3.573
-50.0	3.336
-55.0	4.237
-60.0	4.516
-65.0	4.605
-70.0	4.209
-75.0	4.619
-80.0	4.098
-85.0	4.629
-90.0	4.868
-12000	4.868
2003-03-15 00:00:00	20	2
-0.0	3.135
-5.0	2.809
-10.0	2.826
-15.0	2.809
-20.0	2.841
-25.0	2.929
-30.0	3.100
-35.0	3.007
-40.0	3.188
-45.0	3.327
-50.0	3.421
-55.0	3.468
-60.0	3.479
-65.0	3.565
-70.0	3.494
-75.0	3.805
-80.0	3.932
-85.0	4.005
-90.0	4.435
-12000	4.435
2003-04-15 00:00:00	20	2
-0.0	1.684
-5.0	1.480
-10.0	1.504
-15.0	1.490
-20.0	1.512
-25.0	1.528
-30.0	1.660
-35.0	1.901
-40.0	2.160
-45.0	2.159
-50.0	2.494
-55.0	2.517
-60.0	2.666
-65.0	2.938
-70.0	2.969
-75.0	3.047
-80.0	4.175
-85.0	4.202
-90.0	4.079
-12000	4.079
2003-05-15 00:00:00	20	2
-0.0	0.814
-5.0	0.787
-10.0	0.773
-15.0	0.784
-20.0	0.858
-25.0	0.935
-30.0	1.040
-35.0	1.094
-40.0	1.350
-45.0	1.509
-50.0	1.702
-55.0	1.915
-60.0	2.006
-65.0	2.253
-70.0	2.262
-75.0	2.611
-80.0	2.584
-85.0	2.787
-90.0	3.120
-12000	3.120
2003-06-15 00:00:00	20	2
-0.0	0.598
-5.0	0.493
-10.0	0.528
-15.0	0.628
-20.0	0.749
-25.0	1.037
-30.0	1.302
-35.0	1.346
-40.0	1.606
-45.0	1.806
-50.0	2.093
-55.0	2.228
-60.0	2.170
-65.0	2.301
-70.0	2.376
-75.0	2.782
-80.0	3.199
-85.0	3.302
-90.0	3.307
-12000	3.307
2003-07-15 00:00:00	20	2
-0.0	0.789
-5.0	0.689
-10.0	0.748
-15.0	0.921
-20.0	1.096
-25.0	1.404
-30.0	1.760
-35.0	2.042
-40.0	2.502
-45.0	3.021
-50.0	3.387
-55.0	3.515
-60.0	3.554
-65.0	3.445
-70.0	3.685
-75.0	3.850
-80.0	3.842
-85.0	3.804
-90.0	4.267
-12000	4.267
2003-08-15 00:00:00	20	2
-0.0	0.828
-5.0	0.721
-10.0	0.754
-15.0	0.782
-20.0	0.843
-25.0	1.030
-30.0	1.300
-35.0	1.688
-40.0	2.015
-45.0	2.626
-50.0	2.615
-55.0	2.551
-60.0	2.698
-65.0	2.873
-70.0	2.992
-75.0	3.196
-80.0	3.691
-85.0	3.808
-90.0	3.913
-12000	3.913
2003-09-15 00:00:00	20	2
-0.0	1.552
-5.0	1.429
-10.0	1.493
-15.0	1.582
-20.0	1.695
-25.0	1.958
-30.0	2.266
-35.0	2.478
-40.0	2.694
-45.0	3.205
-50.0	3.767
-55.0	3.575
-60.0	3.622
-65.0	3.663
-70.0	3.980
-75.0	3.950
-80.0	4.189
-85.0	5.164
-90.0	4.350
-12000	4.350
2003-10-15 00:00:00	20	2
-0.0	1.735
-5.0	1.954
-10.0	1.980
-15.0	2.004
-20.0	2.035
-25.0	2.122
-30.0	2.245
-35.0	2.520
-40.0	2.735
-45.0	3.014
-50.0	2.829
-55.0	2.971
-60.0	3.350
-65.0	3.949
-70.0	4.028
-75.0	4.437
-80.0	4.949
-85.0	4.891
-90.0	4.918
-12000	4.918
2003-11-15 00:00:00	20	2
-0.0	3.125
-5.0	3.072
-10.0	3.089
-15.0	3.069
-20.0	3.114
-25.0	3.167
-30.0	3.202
-35.0	3.259
-40.0	3.351
-45.0	3.376
-50.0	3.530
-55.0	3.568
-60.0	3.890
-65.0	4.123
-70.0	3.949
-75.0	4.159
-80.0	4.699
-85.0	4.591
-90.0	4.607
-12000	4.607
2003-12-15 00:00:00	20	2
-0.0	3.603
-5.0	3.681
-10.0	3.688
-15.0	3.612
-20.0	3.600
-25.0	3.618
-30.0	3.605
-35.0	3.530
-40.0	3.607
-45.0	3.587
-50.0	3.583
-55.0	3.708
-60.0	3.843
-65.0	3.880
-70.0	3.811
-75.0	3.977
-80.0	4.348
-85.0	4.236
-90.0	4.484
-12000	4.484
2004-01-15 00:00:00	20	2
-0.0	3.511
-5.0	3.605
-10.0	3.652
-15.0	3.611
-20.0	3.584
-25.0	3.641
-30.0	3.732
-35.0	3.265
-40.0	3.357
-45.0	3.511
-50.0	3.475
-55.0	3.579
-60.0	3.988
-65.0	3.911
-70.0	3.689
-75.0	3.529
-80.0	3.782
-85.0	3.818
-90.0	4.271
-12000	4.271
2004-02-15 00:00:00	20	2
-0.0	4.012
-5.0	4.064
-10.0	3.940
-15.0	3.923
-20.0	3.865
-25.0	3.805
-30.0	3.782
-35.0	3.449
-40.0	3.579
-45.0	3.573
-50.0	3.336
-55.0	4.237
-60.0	4.516
-65.0	4.605
-70.0	4.209
-75.0	4.619
-80.0	4.098
-85.0	4.629
-90.0	4.868
-12000	4.868
2004-03-15 00:00:00	20	2
-0.0	3.135
-5.0	2.809
-10.0	2.826
-15.0	2.809
-20.0	2.841
-25.0	2.929
-30.0	3.100
-35.0	3.007
-40.0	3.188
-45.0	3.327
-50.0	3.421
-55.0	3.468
-60.0	3.479
-65.0	3.565
-70.0	3.494
-75.0	3.805
-80.0	3.932
-85.0	4.005
-90.0	4.435
-12000	4.435
2004-04-15 00:00:00	20	2
-0.0	1.684
-5.0	1.480
-10.0	1.504
-15.0	1.490
-20.0	1.512
-25.0	1.528
-30.0	1.660
-35.0	1.901
-40.0	2.160
-45.0	2.159
-50.0	2.494
-55.0	2.517
-60.0	2.666
-65.0	2.938
-70.0	2.969
-75.0	3.047
-80.0	4.175
-85.0	4.202
-90.0	4.079
-12000	4.079
2004-05-15 00:00:00	20	2
-0.0	0.814
-5.0	0.787
-10.0	0.773
-15.0	0.784
-20.0	0.858
-25.0	0.935
-30.0	1.040
-35.0	1.094
-40.0	1.350
-45.0	1.509
-50.0	1.702
-55.0	1.915
-60.0	2.006
-65.0	2.253
-70.0	2.262
-75.0	2.611
-80.0	2.584
-85.0	2.787
-90.0	3.120
-12000	3.120
2004-06-15 00:00:00	20	2
-0.0	0.598
-5.0	0.493
-10.0	0.528
-15.0	0.628
-20.0	0.749
-25.0	1.037
-30.0	1.302
-35.0	1.346
-40.0	1.606
-45.0	1.806
-50.0	2.093
-55.0	2.228
-60.0	2.170
-65.0	2.301
-70.0	2.376
-75.0	2.782
-80.0	3.199
-85.0	3.302
-90.0	3.307
-12000	3.307
2004-07-15 00:00:00	20	2
-0.0	0.789
-5.0	0.689
-10.0	0.748
-15.0	0.921
-20.0	1.096
-25.0	1.404
-30.0	1.760
-35.0	2.042
-40.0	2.502
-45.0	3.021
-50.0	3.387
-55.0	3.515
-60.0	3.554
-65.0	3.445
-70.0	3.685
-75.0	3.850
-80.0	3.842
-85.0	3.804
-90.0	4.267
-12000	4.267
2004-08-15 00:00:00	20	2
-0.0	0.828
-5.0	0.721
-10.0	0.754
-15.0	0.782
-20.0	0.843
-25.0	1.030
-30.0	1.300
-35.0	1.688
-40.0	2.015
-45.0	2.626
-50.0	2.615
-55.0	2.551
-60.0	2.698
-65.0	2.873
-70.0	2.992
-75.0	3.196
-80.0	3.691
-85.0	3.808
-90.0	3.913
-12000	3.913
2004-09-15 00:00:00	20	2
-0.0	1.552
-5.0	1.429
-10.0	1.493
-15.0	1.582
-20.0	1.695
-25.0	1.958
-30.0	2.266
-35.0	2.478
-40.0	2.694
-45.0	3.205
-50.0	3.767
-55.0	3.575
-60.0	3.622
-65.0	3.663
-70.0	3.980
-75.0	3.950
-80.0	4.189
-85.0	5.164
-90.0	4.350
-12000	4.350
2004-10-15 00:00:00	20	2
-0.0	1.735
-5.0	1.954
-10.0	1.980
-15.0	2.004
-20.0	2.035
-25.0	2.122
-30.0	2.245
-35.0	2.520
-40.0	2.735
-45.0	3.014
-50.0	2.829
-55.0	2.971
-60.0	3.350
-65.0	3.949
-70.0	4.028
-75.0	4.437
-80.0	4.949
-85.0	4.891
-90.0	4.918
-12000	4.918
2004-11-15 00:00:00	20	2
-0.0	3.125
-5.0	3.072
-10.0	3.089
-15.0	3.069
-20.0	3.114
-25.0	3.167
-30.0	3.202
-35.0	3.259
-40.0	3.351
-45.0	3.376
-50.0	3.530
-55.0	3.568
-60.0	3.890
-65.0	4.123
-70.0	3.949
-75.0	4.159
-80.0	4.699
-85.0	4.591
-90.0	4.607
-12000	4.607
2004-12-15 00:00:00	20	2
-0.0	3.603
-5.0	3.681
-10.0	3.688
-15.0	3.612
-20.0	3.600
-25.0	3.618
-30.0	3.605
-35.0	3.530
-40.0	3.607
-45.0	3.587
-50.0	3.583
-55.0	3.708
-60.0	3.843
-65.0	3.880
-70.0	3.811
-75.0	3.977
-80.0	4.348
-85.0	4.236
-90.0	4.484
-12000	4.484
2005-01-15 00:00:00	20	2
-0.0	3.511
-5.0	3.605
-10.0	3.652
-15.0	3.611
-20.0	3.584
-25.0	3.641
-30.0	3.732
-35.0	3.265
-40.0	3.357
-45.0	3.511
-50.0	3.475
-55.0	3.579
-60.0	3.988
-65.0	3.911
-70.0	3.689
-75.0	3.529
-80.0	3.782
-85.0	3.818
-90.0	4.271
-12000	4.271
2005-02-15 00:00:00	20	2
-0.0	4.012
-5.0	4.064
-10.0	3.940
-15.0	3.923
-20.0	3.865
-25.0	3.805
-30.0	3.782
-35.0	3.449
-40.0	3.579
-45.0	3.573
-50.0	3.336
-55.0	4.237
-60.0	4.516
-65.0	4.605
-70.0	4.209
-75.0	4.619
-80.0	4.098
-85.0	4.629
-90.0	4.868
-12000	4.868
2005-03-15 00:00:00	20	2
-0.0	3.135
-5.0	2.809
-10.0	2.826
-15.0	2.809
-20.0	2.841
-25.0	2.929
-30.0	3.100
-35.0	3.007
-40.0	3.188
-45.0	3.327
-50.0	3.421
-55.0	3.468
-60.0	3.479
-65.0	3.565
-70.0	3.494
-75.0	3.805
-80.0	3.932
-85.0	4.005
-90.0	4.435
-12000	4.435
2005-04-15 00:00:00	20	2
-0.0	1.684
-5.0	1.480
-10.0	1.504
-15.0	1.490
-20.0	1.512
-25.0	1.528
-30.0	1.660
-35.0	1.901
-40.0	2.160
-45.0	2.159
-50.0	2.494
-55.0	2.517
-60.0	2.666
-65.0	2.938
-70.0	2.969
-75.0	3.047
-80.0	4.175
-85.0	4.202
-90.0	4.079
-12000	4.079
2005-05-15 00:00:00	20	2
-0.0	0.814
-5.0	0.787
-10.0	0.773
-15.0	0.784
-20.0	0.858
-25.0	0.935
-30.0	1.040
-35.0	1.094
-40.0	1.350
-45.0	1.509
-50.0	1.702
-55.0	1.915
-60.0	2.006
-65.0	2.253
-70.0	2.262
-75.0	2.611
-80.0	2.584
-85.0	2.787
-90.0	3.120
-12000	3.120
2005-06-15 00:00:00	20	2
-0.0	0.598
-5.0	0.493
-10.0	0.528
-15.0	0.628
-20.0	0.749
-25.0	1.037
-30.0	1.302
-35.0	1.346
-40.0	1.606
-45.0	1.806
-50.0	2.093
-55.0	2.228
-60.0	2.170
-65.0	2.301
-70.0	2.376
-75.0	2.782
-80.0	3.199
-85.0	3.302
-90.0	3.307
-12000	3.307
2005-07-15 00:00:00	20	2
-0.0	0.789
-5.0	0.689
-10.0	0.748
-15.0	0.921
-20.0	1.096
-25.0	1.404
-30.0	1.760
-35.0	2.042
-40.0	2.502
-45.0	3.021
-50.0	3.387
-55.0	3.515
-60.0	3.554
-65.0	3.445
-70.0	3.685
-75.0	3.850
-80.0	3.842
-85.0	3.804
-90.0	4.267
-12000	4.267
2005-08-15 00:00:00	20	2
-0.0	0.828
-5.0	0.721
-10.0	0.754
-15.0	0.782
-20.0	0.843
-25.0	1.030
-30.0	1.300
-35.0	1.688
-40.0	2.015
-45.0	2.626
-50.0	2.615
-55.0	2.551
-60.0	2.698
-65.0	2.873
-70.0	2.992
-75.0	3.196
-80.0	3.691
-85.0	3.808
-90.0	3.913
-12000	3.913
2005-09-15 00:00:00	20	2
-0.0	1.552
-5.0	1.429
-10.0	1.493
-15.0	1.582
-20.0	1.695
-25.0	1.958
-30.0	2.266
-35.0	2.478
-40.0	2.694
-45.0	3.205
-50.0	3.767
-55.0	3.575
-60.0	3.622
-65.0	3.663
-70.0	3.980
-75.0	3.950
-80.0	4.189
-85.0	5.164
-90.0	4.350
-12000	4.350
2005-10-15 00:00:00	20	2
-0.0	1.735
-5.0	1.954
-10.0	1.980
-15.0	2.004
-20.0	2.035
-25.0	2.122
-30.0	2.245
-35.0	2.520
-40.0	2.735
-45.0	3.014
-50.0	2.829
-55.0	2.971
-60.0	3.350
-65.0	3.949
-70.0	4.028
-75.0	4.437
-80.0	4.949
-85.0	4.891
-90.0	4.918
-12000	4.918
2005-11-15 00:00:00	20	2
-0.0	3.125
-5.0	3.072
-10.0	3.089
-15.0	3.069
-20.0	3.114
-25.0	3.167
-30.0	3.202
-35.0	3.259
-40.0	3.351
-45.0	3.376
-50.0	3.530
-55.0	3.568
-60.0	3.890
-65.0	4.123
-70.0	3.949
-75.0	4.159
-80.0	4.699
-85.0	4.591
-90.0	4.607
-12000	4.607
2005-12-15 00:00:00	20	2
-0.0	3.603
-5.0	3.681
-10.0	3.688
-15.0	3.612
-20.0	3.600
-25.0	3.618
-30.0	3.605
-35.0	3.530
-40.0	3.607
-45.0	3.587
-50.0	3.583
-55.0	3.708
-60.0	3.843
-65.0	3.880
-70.0	3.811
-75.0	3.977
-80.0	4.348
-85.0	4.236
-90.0	4.484
-12000	4.484
2006-01-15 00:00:00	20	2
-0.0	3.511
-5.0	3.605
-10.0	3.652
-15.0	3.611
-20.0	3.584
-25.0	3.641
-30.0	3.732
-35.0	3.265
-40.0	3.357
-45.0	3.511
-50.0	3.475
-55.0	3.579
-60.0	3.988
-65.0	3.911
-70.0	3.689
-75.0	3.529
-80.0	3.782
-85.0	3.818
-90.0	4.271
-12000	4.271
2006-02-15 00:00:00	20	2
-0.0	4.012
-5.0	4.064
-10.0	3.940
-15.0	3.923
-20.0	3.865
-25.0	3.805
-30.0	3.782
-35.0	3.449
-40.0	3.579
-45.0	3.573
-50.0	3.336
-55.0	4.237
-60.0	4.516
-65.0	4.605
-70.0	4.209
-75.0	4.619
-80.0	4.098
-85.0	4.629
-90.0	4.868
-12000	4.868
2006-03-15 00:00:00	20	2
-0.0	3.135
-5.0	2.809
-10.0	2.826
-15.0	2.809
-20.0	2.841
-25.0	2.929
-30.0	3.100
-35.0	3.007
-40.0	3.188
-45.0	3.327
-50.0	3.421
-55.0	3.468
-60.0	3.479
-65.0	3.565
-70.0	3.494
-75.0	3.805
-80.0	3.932
-85.0	4.005
-90.0	4.435
-12000	4.435
2006-04-15 00:00:00	20	2
-0.0	1.684
-5.0	1.480
-10.0	1.504
-15.0	1.490
-20.0	1.512
-25.0	1.528
-30.0	1.660
-35.0	1.901
-40.0	2.160
-45.0	2.159
-50.0	2.494
-55.0	2.517
-60.0	2.666
-65.0	2.938
-70.0	2.969
-75.0	3.047
-80.0	4.175
-85.0	4.202
-90.0	4.079
-12000	4.079
2006-05-15 00:00:00	20	2
-0.0	0.814
-5.0	0.787
-10.0	0.773
-15.0	0.784
-20.0	0.858
-25.0	0.935
-30.0	1.040
-35.0	1.094
-40.0	1.350
-45.0	1.509
-50.0	1.702
-55.0	1.915
-60.0	2.006
-65.0	2.253
-70.0	2.262
-75.0	2.611
-80.0	2.584
-85.0	2.787
-90.0	3.120
-12000	3.120
2006-06-15 00:00:00	20	2
-0.0	0.598
-5.0	0.493
-10.0	0.528
-15.0	0.628
-20.0	0.749
-25.0	1.037
-30.0	1.302
-35.0	1.346
-40.0	1.606
-45.0	1.806
-50.0	2.093
-55.0	2.228
-60.0	2.170
-65.0	2.301
-70.0	2.376
-75.0	2.782
-80.0	3.199
-85.0	3.302
-90.0	3.307
-12000	3.307
2006-07-15 00:00:00	20	2
-0.0	0.789
-5.0	0.689
-10.0	0.748
-15.0	0.921
-20.0	1.096
-25.0	1.404
-30.0	1.760
-35.0	2.042
-40.0	2.502
-45.0	3.021
-50.0	3.387
-55.0	3.515
-60.0	3.554
-65.0	3.445
-70.0	3.685
-75.0	3.850
-80.0	3.842
-85.0	3.804
-90.0	4.267
-12000	4.267
2006-08-15 00:00:00	20	2
-0.0	0.828
-5.0	0.721
-10.0	0.754
-15.0	0.782
-20.0	0.843
-25.0	1.030
-30.0	1.300
-35.0	1.688
-40.0	2.015
-45.0	2.626
-50.0	2.615
-55.0	2.551
-60.0	2.698
-65.0	2.873
-70.0	2.992
-75.0	3.196
-80.0	3.691
-85.0	3.808
-90.0	3.913
-12000	3.913
2006-09-15 00:00:00	20	2
-0.0	1.552
-5.0	1.429
-10.0	1.493
-15.0	1.582
-20.0	1.695
-25.0	1.958
-30.0	2.266
-35.0	2.478
-40.0	2.694
-45.0	3.205
-50.0	3.767
-55.0	3.575
-60.0	3.622
-65.0	3.663
-70.0	3.980
-75.0	3.950
-80.0	4.189
-85.0	5.164
-90.0	4.350
-12000	4.350
2006-10-15 00:00:00	20	2
-0.0	1.735
-5.0	1.954
-10.0	1.980
-15.0	2.004
-20.0	2.035
-25.0	2.122
-30.0	2.245
-35.0	2.520
-40.0	2.735
-45.0	3.014
-50.0	2.829
-55.0	2.971
-60.0	3.350
-65.0	3.949
-70.0	4.028
-75.0	4.437
-80.0	4.949
-85.0	4.891
-90.0	4.918
-12000	4.918
2006-11-15 00:00:00	20	2
-0.0	3.125
-5.0	3.072
-10.0	3.089
-15.0	3.069
-20.0	3.114
-25.0	3.167
-30.0	3.202
-35.0	3.259
-40.0	3.351
-45.0	3.376
-50.0	3.530
-55.0	3.568
-60.0	3.890
-65.0	4.123
-70.0	3.949
-75.0	4.159
-80.0	4.699
-85.0	4.591
-90.0	4.607
-12000	4.607
2006-12-15 00:00:00	20	2
-0.0	3.603
-5.0	3.681
-10.0	3.688
-15.0	3.612
-20.0	3.600
-25.0	3.618
-30.0	3.605
-35.0	3.530
-40.0	3.607
-45.0	3.587
-50.0	3.583
-55.0	3.708
-60.0	3.843
-65.0	3.880
-70.0	3.811
-75.0	3.977
-80.0	4.348
-85.0	4.236
-90.0	4.484
-12000	4.484
2007-01-15 00:00:00	20	2
-0.0	3.511
-5.0	3.605
-10.0	3.652
-15.0	3.611
-20.0	3.584
-25.0	3.641
-30.0	3.732
-35.0	3.265
-40.0	3.357
-45.0	3.511
-50.0	3.475
-55.0	3.579
-60.0	3.988
-65.0	3.911
-70.0	3.689
-75.0	3.529
-80.0	3.782
-85.0	3.818
-90.0	4.271
-12000	4.271
2007-02-15 00:00:00	20	2
-0.0	4.012
-5.0	4.064
-10.0	3.940
-15.0	3.923
-20.0	3.865
-25.0	3.805
-30.0	3.782
-35.0	3.449
-40.0	3.579
-45.0	3.573
-50.0	3.336
-55.0	4.237
-60.0	4.516
-65.0	4.605
-70.0	4.209
-75.0	4.619
-80.0	4.098
-85.0	4.629
-90.0	4.868
-12000	4.868
2007-03-15 00:00:00	20	2
-0.0	3.135
-5.0	2.809
-10.0	2.826
-15.0	2.809
-20.0	2.841
-25.0	2.929
-30.0	3.100
-35.0	3.007
-40.0	3.188
-45.0	3.327
-50.0	3.421
-55.0	3.468
-60.0	3.479
-65.0	3.565
-70.0	3.494
-75.0	3.805
-80.0	3.932
-85.0	4.005
-90.0	4.435
-12000	4.435
2007-04-15 00:00:00	20	2
-0.0	1.684
-5.0	1.480
-10.0	1.504
-15.0	1.490
-20.0	1.512
-25.0	1.528
-30.0	1.660
-35.0	1.901
-40.0	2.160
-45.0	2.159
-50.0	2.494
-55.0	2.517
-60.0	2.666
-65.0	2.938
-70.0	2.969
-75.0	3.047
-80.0	4.175
-85.0	4.202
-90.0	4.079
-12000	4.079
2007-05-15 00:00:00	20	2
-0.0	0.814
-5.0	0.787
-10.0	0.773
-15.0	0.784
-20.0	0.858
-25.0	0.935
-30.0	1.040
-35.0	1.094
-40.0	1.350
-45.0	1.509
-50.0	1.702
-55.0	1.915
-60.0	2.006
-65.0	2.253
-70.0	2.262
-75.0	2.611
-80.0	2.584
-85.0	2.787
-90.0	3.120
-12000	3.120
2007-06-15 00:00:00	20	2
-0.0	0.598
-5.0	0.493
-10.0	0.528
-15.0	0.628
-20.0	0.749
-25.0	1.037
-30.0	1.302
-35.0	1.346
-40.0	1.606
-45.0	1.806
-50.0	2.093
-55.0	2.228
-60.0	2.170
-65.0	2.301
-70.0	2.376
-75.0	2.782
-80.0	3.199
-85.0	3.302
-90.0	3.307
-12000	3.307
2007-07-15 00:00:00	20	2
-0.0	0.789
-5.0	0.689
-10.0	0.748
-15.0	0.921
-20.0	1.096
-25.0	1.404
-30.0	1.760
-35.0	2.042
-40.0	2.502
-45.0	3.021
-50.0	3.387
-55.0	3.515
-60.0	3.554
-65.0	3.445
-70.0	3.685
-75.0	3.850
-80.0	3.842
-85.0	3.804
-90.0	4.267
-12000	4.267
2007-08-15 00:00:00	20	2
-0.0	0.828
-5.0	0.721
-10.0	0.754
-15.0	0.782
-20.0	0.843
-25.0	1.030
-30.0	1.300
-35.0	1.688
-40.0	2.015
-45.0	2.626
-50.0	2.615
-55.0	2.551
-60.0	2.698
-65.0	2.873
-70.0	2.992
-75.0	3.196
-80.0	3.691
-85.0	3.808
-90.0	3.913
-12000	3.913
2007-09-15 00:00:00	20	2
-0.0	1.552
-5.0	1.429
-10.0	1.493
-15.0	1.582
-20.0	1.695
-25.0	1.958
-30.0	2.266
-35.0	2.478
-40.0	2.694
-45.0	3.205
-50.0	3.767
-55.0	3.575
-60.0	3.622
-65.0	3.663
-70.0	3.980
-75.0	3.950
-80.0	4.189
-85.0	5.164
-90.0	4.350
-12000	4.350
2007-10-15 00:00:00	20	2
-0.0	1.735
-5.0	1.954
-10.0	1.980
-15.0	2.004
-20.0	2.035
-25.0	2.122
-30.0	2.245
-35.0	2.520
-40.0	2.735
-45.0	3.014
-50.0	2.829
-55.0	2.971
-60.0	3.350
-65.0	3.949
-70.0	4.028
-75.0	4.437
-80.0	4.949
-85.0	4.891
-90.0	4.918
-12000	4.918
2007-11-15 00:00:00	20	2
-0.0	3.125
-5.0	3.072
-10.0	3.089
-15.0	3.069
-20.0	3.114
-25.0	3.167
-30.0	3.202
-35.0	3.259
-40.0	3.351
-45.0	3.376
-50.0	3.530
-55.0	3.568
-60.0	3.890
-65.0	4.123
-70.0	3.949
-75.0	4.159
-80.0	4.699
-85.0	4.591
-90.0	4.607
-12000	4.607
2007-12-15 00:00:00	20	2
-0.0	3.603
-5.0	3.681
-10.0	3.688
-15.0	3.612
-20.0	3.600
-25.0	3.618
-30.0	3.605
-35.0	3.530
-40.0	3.607
-45.0	3.587
-50.0	3.583
-55.0	3.708
-60.0	3.843
-65.0	3.880
-70.0	3.811
-75.0	3.977
-80.0	4.348
-85.0	4.236
-90.0	4.484
-12000	4.484
2008-01-15 00:00:00	20	2
-0.0	3.511
-5.0	3.605
-10.0	3.652
-15.0	3.611
-20.0	3.584
-25.0	3.641
-30.0	3.732
-35.0	3.265
-40.0	3.357
-45.0	3.511
-50.0	3.475
-55.0	3.579
-60.0	3.988
-65.0	3.911
-70.0	3.689
-75.0	3.529
-80.0	3.782
-85.0	3.818
-90.0	4.271
-12000	4.271
2008-02-15 00:00:00	20	2
-0.0	4.012
-5.0	4.064
-10.0	3.940
-15.0	3.923
-20.0	3.865
-25.0	3.805
-30.0	3.782
-35.0	3.449
-40.0	3.579
-45.0	3.573
-50.0	3.336
-55.0	4.237
-60.0	4.516
-65.0	4.605
-70.0	4.209
-75.0	4.619
-80.0	4.098
-85.0	4.629
-90.0	4.868
-12000	4.868
2008-03-15 00:00:00	20	2
-0.0	3.135
-5.0	2.809
-10.0	2.826
-15.0	2.809
-20.0	2.841
-25.0	2.929
-30.0	3.100
-35.0	3.007
-40.0	3.188
-45.0	3.327
-50.0	3.421
-55.0	3.468
-60.0	3.479
-65.0	3.565
-70.0	3.494
-75.0	3.805
-80.0	3.932
-85.0	4.005
-90.0	4.435
-12000	4.435
2008-04-15 00:00:00	20	2
-0.0	1.684
-5.0	1.480
-10.0	1.504
-15.0	1.490
-20.0	1.512
-25.0	1.528
-30.0	1.660
-35.0	1.901
-40.0	2.160
-45.0	2.159
-50.0	2.494
-55.0	2.517
-60.0	2.666
-65.0	2.938
-70.0	2.969
-75.0	3.047
-80.0	4.175
-85.0	4.202
-90.0	4.079
-12000	4.079
2008-05-15 00:00:00	20	2
-0.0	0.814
-5.0	0.787
-10.0	0.773
-15.0	0.784
-20.0	0.858
-25.0	0.935
-30.0	1.040
-35.0	1.094
-40.0	1.350
-45.0	1.509
-50.0	1.702
-55.0	1.915
-60.0	2.006
-65.0	2.253
-70.0	2.262
-75.0	2.611
-80.0	2.584
-85.0	2.787
-90.0	3.120
-12000	3.120
2008-06-15 00:00:00	20	2
-0.0	0.598
-5.0	0.493
-10.0	0.528
-15.0	0.628
-20.0	0.749
-25.0	1.037
-30.0	1.302
-35.0	1.346
-40.0	1.606
-45.0	1.806
-50.0	2.093
-55.0	2.228
-60.0	2.170
-65.0	2.301
-70.0	2.376
-75.0	2.782
-80.0	3.199
-85.0	3.302
-90.0	3.307
-12000	3.307
2008-07-15 00:00:00	20	2
-0.0	0.789
-5.0	0.689
-10.0	0.748
-15.0	0.921
-20.0	1.096
-25.0	1.404
-30.0	1.760
-35.0	2.042
-40.0	2.502
-45.0	3.021
-50.0	3.387
-55.0	3.515
-60.0	3.554
-65.0	3.445
-70.0	3.685
-75.0	3.850
-80.0	3.842
-85.0	3.804
-90.0	4.267
-12000	4.267
2008-08-15 00:00:00	20	2
-0.0	0.828
-5.0	0.721
-10.0	0.754
-15.0	0.782
-20.0	0.843
-25.0	1.030
-30.0	1.300
-35.0	1.688
-40.0	2.015
-45.0	2.626
-50.0	2.615
-55.0	2.551
-60.0	2.698
-65.0	2.873
-70.0	2.992
-75.0	3.196
-80.0	3.691
-85.0	3.808
-90.0	3.913
-12000	3.913
2008-09-15 00:00:00	20	2
-0.0	1.552
-5.0	1.429
-10.0	1.493
-15.0	1.582
-20.0	1.695
-25.0	1.958
-30.0	2.266
-35.0	2.478
-40.0	2.694
-45.0	3.205
-50.0	3.767
-55.0	3.575
-60.0	3.622
-65.0	3.663
-70.0	3.980
-75.0	3.950
-80.0	4.189
-85.0	5.164
-90.0	4.350
-12000	4.350
2008-10-15 00:00:00	20	2
-0.0	1.735
-5.0	1.954
-10.0	1.980
-15.0	2.004
-20.0	2.035
-25.0	2.122
-30.0	2.245
-35.0	2.520
-40.0	2.735
-45.0	3.014
-50.0	2.829
-55.0	2.971
-60.0	3.350
-65.0	3.949
-70.0	4.028
-75.0	4.437
-80.0	4.949
-85.0	4.891
-90.0	4.918
-12000	4.918
2008-11-15 00:00:00	20	2
-0.0	3.125
-5.0	3.072
-10.0	3.089
-15.0	3.069
-20.0	3.114
-25.0	3.167
-30.0	3.202
-35.0	3.259
-40.0	3.351
-45.0	3.376
-50.0	3.530
-55.0	3.568
-60.0	3.890
-65.0	4.123
-70.0	3.949
-75.0	4.159
-80.0	4.699
-85.0	4.591
-90.0	4.607
-12000	4.607
2008-12-15 00:00:00	20	2
-0.0	3.603
-5.0	3.681
-10.0	3.688
-15.0	3.612
-20.0	3.600
-25.0	3.618
-30.0	3.605
-35.0	3.530
-40.0	3.607
-45.0	3.587
-50.0	3.583
-55.0	3.708
-60.0	3.843
-65.0	3.880
-70.0	3.811
-75.0	3.977
-80.0	4.348
-85.0	4.236
-90.0	4.484
-12000	4.484
2009-01-15 00:00:00	20	2
-0.0	3.511
-5.0	3.605
-10.0	3.652
-15.0	3.611
-20.0	3.584
-25.0	3.641
-30.0	3.732
-35.0	3.265
-40.0	3.357
-45.0	3.511
-50.0	3.475
-55.0	3.579
-60.0	3.988
-65.0	3.911
-70.0	3.689
-75.0	3.529
-80.0	3.782
-85.0	3.818
-90.0	4.271
-12000	4.271
2009-02-15 00:00:00	20	2
-0.0	4.012
-5.0	4.064
-10.0	3.940
-15.0	3.923
-20.0	3.865
-25.0	3.805
-30.0	3.782
-35.0	3.449
-40.0	3.579
-45.0	3.573
-50.0	3.336
-55.0	4.237
-60.0	4.516
-65.0	4.605
-70.0	4.209
-75.0	4.619
-80.0	4.098
-85.0	4.629
-90.0	4.868
-12000	4.868
2009-03-15 00:00:00	20	2
-0.0	3.135
-5.0	2.809
-10.0	2.826
-15.0	2.809
-20.0	2.841
-25.0	2.929
-30.0	3.100
-35.0	3.007
-40.0	3.188
-45.0	3.327
-50.0	3.421
-55.0	3.468
-60.0	3.479
-65.0	3.565
-70.0	3.494
-75.0	3.805
-80.0	3.932
-85.0	4.005
-90.0	4.435
-12000	4.435
2009-04-15 00:00:00	20	2
-0.0	1.684
-5.0	1.480
-10.0	1.504
-15.0	1.490
-20.0	1.512
-25.0	1.528
-30.0	1.660
-35.0	1.901
-40.0	2.160
-45.0	2.159
-50.0	2.494
-55.0	2.517
-60.0	2.666
-65.0	2.938
-70.0	2.969
-75.0	3.047
-80.0	4.175
-85.0	4.202
-90.0	4.079
-12000	4.079
2009-05-15 00:00:00	20	2
-0.0	0.814
-5.0	0.787
-10.0	0.773
-15.0	0.784
-20.0	0.858
-25.0	0.935
-30.0	1.040
-35.0	1.094
-40.0	1.350
-45.0	1.509
-50.0	1.702
-55.0	1.915
-60.0	2.006
-65.0	2.253
-70.0	2.262
-75.0	2.611
-80.0	2.584
-85.0	2.787
-90.0	3.120
-12000	3.120
2009-06-15 00:00:00	20	2
-0.0	0.598
-5.0	0.493
-10.0	0.528
-15.0	0.628
-20.0	0.749
-25.0	1.037
-30.0	1.302
-35.0	1.346
-40.0	1.606
-45.0	1.806
-50.0	2.093
-55.0	2.228
-60.0	2.170
-65.0	2.301
-70.0	2.376
-75.0	2.782
-80.0	3.199
-85.0	3.302
-90.0	3.307
-12000	3.307
2009-07-15 00:00:00	20	2
-0.0	0.789
-5.0	0.689
-10.0	0.748
-15.0	0.921
-20.0	1.096
-25.0	1.404
-30.0	1.760
-35.0	2.042
-40.0	2.502
-45.0	3.021
-50.0	3.387
-55.0	3.515
-60.0	3.554
-65.0	3.445
-70.0	3.685
-75.0	3.850
-80.0	3.842
-85.0	3.804
-90.0	4.267
-12000	4.267
2009-08-15 00:00:00	20	2
-0.0	0.828
-5.0	0.721
-10.0	0.754
-15.0	0.782
-20.0	0.843
-25.0	1.030
-30.0	1.300
-35.0	1.688
-40.0	2.015
-45.0	2.626
-50.0	2.615
-55.0	2.551
-60.0	2.698
-65.0	2.873
-70.0	2.992
-75.0	3.196
-80.0	3.691
-85.0	3.808
-90.0	3.913
-12000	3.913
2009-09-15 00:00:00	20	2
-0.0	1.552
-5.0	1.429
-10.0	1.493
-15.0	1.582
-20.0	1.695
-25.0	1.958
-30.0	2.266
-35.0	2.478
-40.0	2.694
-45.0	3.205
-50.0	3.767
-55.0	3.575
-60.0	3.622
-65.0	3.663
-70.0	3.980
-75.0	3.950
-80.0	4.189
-85.0	5.164
-90.0	4.350
-12000	4.350
2009-10-15 00:00:00	20	2
-0.0	1.735
-5.0	1.954
-10.0	1.980
-15.0	2.004
-20.0	2.035
-25.0	2.122
-30.0	2.245
-35.0	2.520
-40.0	2.735
-45.0	3.014
-50.0	2.829
-55.0	2.971
-60.0	3.350
-65.0	3.949
-70.0	4.028
-75.0	4.437
-80.0	4.949
-85.0	4.891
-90.0	4.918
-12000	4.918
2009-11-15 00:00:00	20	2
-0.0	3.125
-5.0	3.072
-10.0	3.089
-15.0	3.069
-20.0	3.114
-25.0	3.167
-30.0	3.202
-35.0	3.259
-40.0	3.351
-45.0	3.376
-50.0	3.530
-55.0	3.568
-60.0	3.890
-65.0	4.123
-70.0	3.949
-75.0	4.159
-80.0	4.699
-85.0	4.591
-90.0	4.607
-12000	4.607
2009-12-15 00:00:00	20	2
-0.0	3.603
-5.0	3.681
-10.0	3.688
-15.0	3.612
-20.0	3.600
-25.0	3.618
-30.0	3.605
-35.0	3.530
-40.0	3.607
-45.0	3.587
-50.0	3.583
-55.0	3.708
-60.0	3.843
-65.0	3.880
-70.0	3.811
-75.0	3.977
-80.0	4.348
-85.0	4.236
-90.0	4.484
-12000	4.484
2010-01-15 00:00:00	20	2
-0.0	3.511
-5.0	3.605
-10.0	3.652
-15.0	3.611
-20.0	3.584
-25.0	3.641
-30.0	3.732
-35.0	3.265
-40.0	3.357
-45.0	3.511
-50.0	3.475
-55.0	3.579
-60.0	3.988
-65.0	3.911
-70.0	3.689
-75.0	3.529
-80.0	3.782
-85.0	3.818
-90.0	4.271
-12000	4.271
2010-02-15 00:00:00	20	2
-0.0	4.012
-5.0	4.064
-10.0	3.940
-15.0	3.923
-20.0	3.865
-25.0	3.805
-30.0	3.782
-35.0	3.449
-40.0	3.579
-45.0	3.573
-50.0	3.336
-55.0	4.237
-60.0	4.516
-65.0	4.605
-70.0	4.209
-75.0	4.619
-80.0	4.098
-85.0	4.629
-90.0	4.868
-12000	4.868
2010-03-15 00:00:00	20	2
-0.0	3.135
-5.0	2.809
-10.0	2.826
-15.0	2.809
-20.0	2.841
-25.0	2.929
-30.0	3.100
-35.0	3.007
-40.0	3.188
-45.0	3.327
-50.0	3.421
-55.0	3.468
-60.0	3.479
-65.0	3.565
-70.0	3.494
-75.0	3.805
-80.0	3.932
-85.0	4.005
-90.0	4.435
-12000	4.435
2010-04-15 00:00:00	20	2
-0.0	1.684
-5.0	1.480
-10.0	1.504
-15.0	1.490
-20.0	1.512
-25.0	1.528
-30.0	1.660
-35.0	1.901
-40.0	2.160
-45.0	2.159
-50.0	2.494
-55.0	2.517
-60.0	2.666
-65.0	2.938
-70.0	2.969
-75.0	3.047
-80.0	4.175
-85.0	4.202
-90.0	4.079
-12000	4.079
2010-05-15 00:00:00	20	2
-0.0	0.814
-5.0	0.787
-10.0	0.773
-15.0	0.784
-20.0	0.858
-25.0	0.935
-30.0	1.040
-35.0	1.094
-40.0	1.350
-45.0	1.509
-50.0	1.702
-55.0	1.915
-60.0	2.006
-65.0	2.253
-70.0	2.262
-75.0	2.611
-80.0	2.584
-85.0	2.787
-90.0	3.120
-12000	3.120
2010-06-15 00:00:00	20	2
-0.0	0.598
-5.0	0.493
-10.0	0.528
-15.0	0.628
-20.0	0.749
-25.0	1.037
-30.0	1.302
-35.0	1.346
-40.0	1.606
-45.0	1.806
-50.0	2.093
-55.0	2.228
-60.0	2.170
-65.0	2.301
-70.0	2.376
-75.0	2.782
-80.0	3.199
-85.0	3.302
-90.0	3.307
-12000	3.307
2010-07-15 00:00:00	20	2
-0.0	0.789
-5.0	0.689
-10.0	0.748
-15.0	0.921
-20.0	1.096
-25.0	1.404
-30.0	1.760
-35.0	2.042
-40.0	2.502
-45.0	3.021
-50.0	3.387
-55.0	3.515
-60.0	3.554
-65.0	3.445
-70.0	3.685
-75.0	3.850
-80.0	3.842
-85.0	3.804
-90.0	4.267
-12000	4.267
2010-08-15 00:00:00	20	2
-0.0	0.828
-5.0	0.721
-10.0	0.754
-15.0	0.782
-20.0	0.843
-25.0	1.030
-30.0	1.300
-35.0	1.688
-40.0	2.015
-45.0	2.626
-50.0	2.615
-55.0	2.551
-60.0	2.698
-65.0	2.873
-70.0	2.992
-75.0	3.196
-80.0	3.691
-85.0	3.808
-90.0	3.913
-12000	3.913
2010-09-15 00:00:00	20	2
-0.0	1.552
-5.0	1.429
-10.0	1.493
-15.0	1.582
-20.0	1.695
-25.0	1.958
-30.0	2.266
-35.0	2.478
-40.0	2.694
-45.0	3.205
-50.0	3.767
-55.0	3.575
-60.0	3.622
-65.0	3.663
-70.0	3.980
-75.0	3.950
-80.0	4.189
-85.0	5.164
-90.0	4.350
-12000	4.350
2010-10-15 00:00:00	20	2
-0.0	1.735
-5.0	1.954
-10.0	1.980
-15.0	2.004
-20.0	2.035
-25.0	2.122
-30.0	2.245
-35.0	2.520
-40.0	2.735
-45.0	3.014
-50.0	2.829
-55.0	2.971
-60.0	3.350
-65.0	3.949
-70.0	4.028
-75.0	4.437
-80.0	4.949
-85.0	4.891
-90.0	4.918
-12000	4.918
2010-11-15 00:00:00	20	2
-0.0	3.125
-5.0	3.072
-10.0	3.089
-15.0	3.069
-20.0	3.114
-25.0	3.167
-30.0	3.202
-35.0	3.259
-40.0	3.351
-45.0	3.376
-50.0	3.530
-55.0	3.568
-60.0	3.890
-65.0	4.123
-70.0	3.949
-75.0	4.159
-80.0	4.699
-85.0	4.591
-90.0	4.607
-12000	4.607
2010-12-15 00:00:00	20	2
-0.0	3.603
-5.0	3.681
-10.0	3.688
-15.0	3.612
-20.0	3.600
-25.0	3.618
-30.0	3.605
-35.0	3.530
-40.0	3.607
-45.0	3.587
-50.0	3.583
-55.0	3.708
-60.0	3.843
-65.0	3.880
-70.0	3.811
-75.0	3.977
-80.0	4.348
-85.0	4.236
-90.0	4.484
-12000	4.484
2011-01-15 00:00:00	20	2
-0.0	3.511
-5.0	3.605
-10.0	3.652
-15.0	3.611
-20.0	3.584
-25.0	3.641
-30.0	3.732
-35.0	3.265
-40.0	3.357
-45.0	3.511
-50.0	3.475
-55.0	3.579
-60.0	3.988
-65.0	3.911
-70.0	3.689
-75.0	3.529
-80.0	3.782
-85.0	3.818
-90.0	4.271
-12000	4.271
2011-02-15 00:00:00	20	2
-0.0	4.012
-5.0	4.064
-10.0	3.940
-15.0	3.923
-20.0	3.865
-25.0	3.805
-30.0	3.782
-35.0	3.449
-40.0	3.579
-45.0	3.573
-50.0	3.336
-55.0	4.237
-60.0	4.516
-65.0	4.605
-70.0	4.209
-75.0	4.619
-80.0	4.098
-85.0	4.629
-90.0	4.868
-12000	4.868
2011-03-15 00:00:00	20	2
-0.0	3.135
-5.0	2.809
-10.0	2.826
-15.0	2.809
-20.0	2.841
-25.0	2.929
-30.0	3.100
-35.0	3.007
-40.0	3.188
-45.0	3.327
-50.0	3.421
-55.0	3.468
-60.0	3.479
-65.0	3.565
-70.0	3.494
-75.0	3.805
-80.0	3.932
-85.0	4.005
-90.0	4.435
-12000	4.435
2011-04-15 00:00:00	20	2
-0.0	1.684
-5.0	1.480
-10.0	1.504
-15.0	1.490
-20.0	1.512
-25.0	1.528
-30.0	1.660
-35.0	1.901
-40.0	2.160
-45.0	2.159
-50.0	2.494
-55.0	2.517
-60.0	2.666
-65.0	2.938
-70.0	2.969
-75.0	3.047
-80.0	4.175
-85.0	4.202
-90.0	4.079
-12000	4.079
2011-05-15 00:00:00	20	2
-0.0	0.814
-5.0	0.787
-10.0	0.773
-15.0	0.784
-20.0	0.858
-25.0	0.935
-30.0	1.040
-35.0	1.094
-40.0	1.350
-45.0	1.509
-50.0	1.702
-55.0	1.915
-60.0	2.006
-65.0	2.253
-70.0	2.262
-75.0	2.611
-80.0	2.584
-85.0	2.787
-90.0	3.120
-12000	3.120
2011-06-15 00:00:00	20	2
-0.0	0.598
-5.0	0.493
-10.0	0.528
-15.0	0.628
-20.0	0.749
-25.0	1.037
-30.0	1.302
-35.0	1.346
-40.0	1.606
-45.0	1.806
-50.0	2.093
-55.0	2.228
-60.0	2.170
-65.0	2.301
-70.0	2.376
-75.0	2.782
-80.0	3.199
-85.0	3.302
-90.0	3.307
-12000	3.307
2011-07-15 00:00:00	20	2
-0.0	0.789
-5.0	0.689
-10.0	0.748
-15.0	0.921
-20.0	1.096
-25.0	1.404
-30.0	1.760
-35.0	2.042
-40.0	2.502
-45.0	3.021
-50.0	3.387
-55.0	3.515
-60.0	3.554
-65.0	3.445
-70.0	3.685
-75.0	3.850
-80.0	3.842
-85.0	3.804
-90.0	4.267
-12000	4.267
2011-08-15 00:00:00	20	2
-0.0	0.828
-5.0	0.721
-10.0	0.754
-15.0	0.782
-20.0	0.843
-25.0	1.030
-30.0	1.300
-35.0	1.688
-40.0	2.015
-45.0	2.626
-50.0	2.615
-55.0	2.551
-60.0	2.698
-65.0	2.873
-70.0	2.992
-75.0	3.196
-80.0	3.691
-85.0	3.808
-90.0	3.913
-12000	3.913
2011-09-15 00:00:00	20	2
-0.0	1.552
-5.0	1.429
-10.0	1.493
-15.0	1.582
-20.0	1.695
-25.0	1.958
-30.0	2.266
-35.0	2.478
-40.0	2.694
-45.0	3.205
-50.0	3.767
-55.0	3.575
-60.0	3.622
-65.0	3.663
-70.0	3.980
-75.0	3.950
-80.0	4.189
-85.0	5.164
-90.0	4.350
-12000	4.350
2011-10-15 00:00:00	20	2
-0.0	1.735
-5.0	1.954
-10.0	1.980
-15.0	2.004
-20.0	2.035
-25.0	2.122
-30.0	2.245
-35.0	2.520
-40.0	2.735
-45.0	3.014
-50.0	2.829
-55.0	2.971
-60.0	3.350
-65.0	3.949
-70.0	4.028
-75.0	4.437
-80.0	4.949
-85.0	4.891
-90.0	4.918
-12000	4.918
2011-11-15 00:00:00	20	2
-0.0	3.125
-5.0	3.072
-10.0	3.089
-15.0	3.069
-20.0	3.114
-25.0	3.167
-30.0	3.202
-35.0	3.259
-40.0	3.351
-45.0	3.376
-50.0	3.530
-55.0	3.568
-60.0	3.890
-65.0	4.123
-70.0	3.949
-75.0	4.159
-80.0	4.699
-85.0	4.591
-90.0	4.607
-12000	4.607
2011-12-15 00:00:00	20	2
-0.0	3.603
-5.0	3.681
-10.0	3.688
-15.0	3.612
-20.0	3.600
-25.0	3.618
-30.0	3.605
-35.0	3.530
-40.0	3.607
-45.0	3.587
-50.0	3.583
-55.0	3.708
-60.0	3.843
-65.0	3.880
-70.0	3.811
-75.0	3.977
-80.0	4.348
-85.0	4.236
-90.0	4.484
-12000	4.484
2012-01-15 00:00:00	20	2
-0.0	3.511
-5.0	3.605
-10.0	3.652
-15.0	3.611
-20.0	3.584
-25.0	3.641
-30.0	3.732
-35.0	3.265
-40.0	3.357
-45.0	3.511
-50.0	3.475
-55.0	3.579
-60.0	3.988
-65.0	3.911
-70.0	3.689
-75.0	3.529
-80.0	3.782
-85.0	3.818
-90.0	4.271
-12000	4.271
2012-02-15 00:00:00	20	2
-0.0	4.012
-5.0	4.064
-10.0	3.940
-15.0	3.923
-20.0	3.865
-25.0	3.805
-30.0	3.782
-35.0	3.449
-40.0	3.579
-45.0	3.573
-50.0	3.336
-55.0	4.237
-60.0	4.516
-65.0	4.605
-70.0	4.209
-75.0	4.619
-80.0	4.098
-85.0	4.629
-90.0	4.868
-12000	4.868
2012-03-15 00:00:00	20	2
-0.0	3.135
-5.0	2.809
-10.0	2.826
-15.0	2.809
-20.0	2.841
-25.0	2.929
-30.0	3.100
-35.0	3.007
-40.0	3.188
-45.0	3.327
-50.0	3.421
-55.0	3.468
-60.0	3.479
-65.0	3.565
-70.0	3.494
-75.0	3.805
-80.0	3.932
-85.0	4.005
-90.0	4.435
-12000	4.435
2012-04-15 00:00:00	20	2
-0.0	1.684
-5.0	1.480
-10.0	1.504
-15.0	1.490
-20.0	1.512
-25.0	1.528
-30.0	1.660
-35.0	1.901
-40.0	2.160
-45.0	2.159
-50.0	2.494
-55.0	2.517
-60.0	2.666
-65.0	2.938
-70.0	2.969
-75.0	3.047
-80.0	4.175
-85.0	4.202
-90.0	4.079
-12000	4.079
2012-05-15 00:00:00	20	2
-0.0	0.814
-5.0	0.787
-10.0	0.773
-15.0	0.784
-20.0	0.858
-25.0	0.935
-30.0	1.040
-35.0	1.094
-40.0	1.350
-45.0	1.509
-50.0	1.702
-55.0	1.915
-60.0	2.006
-65.0	2.253
-70.0	2.262
-75.0	2.611
-80.0	2.584
-85.0	2.787
-90.0	3.120
-12000	3.120
2012-06-15 00:00:00	20	2
-0.0	0.598
-5.0	0.493
-10.0	0.528
-15.0	0.628
-20.0	0.749
-25.0	1.037
-30.0	1.302
-35.0	1.346
-40.0	1.606
-45.0	1.806
-50.0	2.093
-55.0	2.228
-60.0	2.170
-65.0	2.301
-70.0	2.376
-75.0	2.782
-80.0	3.199
-85.0	3.302
-90.0	3.307
-12000	3.307
2012-07-15 00:00:00	20	2
-0.0	0.789
-5.0	0.689
-10.0	0.748
-15.0	0.921
-20.0	1.096
-25.0	1.404
-30.0	1.760
-35.0	2.042
-40.0	2.502
-45.0	3.021
-50.0	3.387
-55.0	3.515
-60.0	3.554
-65.0	3.445
-70.0	3.685
-75.0	3.850
-80.0	3.842
-85.0	3.804
-90.0	4.267
-12000	4.267
2012-08-15 00:00:00	20	2
-0.0	0.828
-5.0	0.721
-10.0	0.754
-15.0	0.782
-20.0	0.843
-25.0	1.030
-30.0	1.300
-35.0	1.688
-40.0	2.015
-45.0	2.626
-50.0	2.615
-55.0	2.551
-60.0	2.698
-65.0	2.873
-70.0	2.992
-75.0	3.196
-80.0	3.691
-85.0	3.808
-90.0	3.913
-12000	3.913
2012-09-15 00:00:00	20	2
-0.0	1.552
-5.0	1.429
-10.0	1.493
-15.0	1.582
-20.0	1.695
-25.0	1.958
-30.0	2.266
-35.0	2.478
-40.0	2.694
-45.0	3.205
-50.0	3.767
-55.0	3.575
-60.0	3.622
-65.0	3.663
-70.0	3.980
-75.0	3.950
-80.0	4.189
-85.0	5.164
-90.0	4.350
-12000	4.350
2012-10-15 00:00:00	20	2
-0.0	1.735
-5.0	1.954
-10.0	1.980
-15.0	2.004
-20.0	2.035
-25.0	2.122
-30.0	2.245
-35.0	2.520
-40.0	2.735
-45.0	3.014
-50.0	2.829
-55.0	2.971
-60.0	3.350
-65.0	3.949
-70.0	4.028
-75.0	4.437
-80.0	4.949
-85.0	4.891
-90.0	4.918
-12000	4.918
2012-11-15 00:00:00	20	2
-0.0	3.125
-5.0	3.072
-10.0	3.089
-15.0	3.069
-20.0	3.114
-25.0	3.167
-30.0	3.202
-35.0	3.259
-40.0	3.351
-45.0	3.376
-50.0	3.530
-55.0	3.568
-60.0	3.890
-65.0	4.123
-70.0	3.949
-75.0	4.159
-80.0	4.699
-85.0	4.591
-90.0	4.607
-12000	4.607
2012-12-15 00:00:00	20	2
-0.0	3.603
-5.0	3.681
-10.0	3.688
-15.0	3.612
-20.0	3.600
-25.0	3.618
-30.0	3.605
-35.0	3.530
-40.0	3.607
-45.0	3.587
-50.0	3.583
-55.0	3.708
-60.0	3.843
-65.0	3.880
-70.0	3.811
-75.0	3.977
-80.0	4.348
-85.0	4.236
-90.0	4.484
-12000	4.484
2013-01-15 00:00:00	20	2
-0.0	3.511
-5.0	3.605
-10.0	3.652
-15.0	3.611
-20.0	3.584
-25.0	3.641
-30.0	3.732
-35.0	3.265
-40.0	3.357
-45.0	3.511
-50.0	3.475
-55.0	3.579
-60.0	3.988
-65.0	3.911
-70.0	3.689
-75.0	3.529
-80.0	3.782
-85.0	3.818
-90.0	4.271
-12000	4.271
2013-02-15 00:00:00	20	2
-0.0	4.012
-5.0	4.064
-10.0	3.940
-15.0	3.923
-20.0	3.865
-25.0	3.805
-30.0	3.782
-35.0	3.449
-40.0	3.579
-45.0	3.573
-50.0	3.336
-55.0	4.237
-60.0	4.516
-65.0	4.605
-70.0	4.209
-75.0	4.619
-80.0	4.098
-85.0	4.629
-90.0	4.868
-12000	4.868
2013-03-15 00:00:00	20	2
-0.0	3.135
-5.0	2.809
-10.0	2.826
-15.0	2.809
-20.0	2.841
-25.0	2.929
-30.0	3.100
-35.0	3.007
-40.0	3.188
-45.0	3.327
-50.0	3.421
-55.0	3.468
-60.0	3.479
-65.0	3.565
-70.0	3.494
-75.0	3.805
-80.0	3.932
-85.0	4.005
-90.0	4.435
-12000	4.435
2013-04-15 00:00:00	20	2
-0.0	1.684
-5.0	1.480
-10.0	1.504
-15.0	1.490
-20.0	1.512
-25.0	1.528
-30.0	1.660
-35.0	1.901
-40.0	2.160
-45.0	2.159
-50.0	2.494
-55.0	2.517
-60.0	2.666
-65.0	2.938
-70.0	2.969
-75.0	3.047
-80.0	4.175
-85.0	4.202
-90.0	4.079
-12000	4.079
2013-05-15 00:00:00	20	2
-0.0	0.814
-5.0	0.787
-10.0	0.773
-15.0	0.784
-20.0	0.858
-25.0	0.935
-30.0	1.040
-35.0	1.094
-40.0	1.350
-45.0	1.509
-50.0	1.702
-55.0	1.915
-60.0	2.006
-65.0	2.253
-70.0	2.262
-75.0	2.611
-80.0	2.584
-85.0	2.787
-90.0	3.120
-12000	3.120
2013-06-15 00:00:00	20	2
-0.0	0.598
-5.0	0.493
-10.0	0.528
-15.0	0.628
-20.0	0.749
-25.0	1.037
-30.0	1.302
-35.0	1.346
-40.0	1.606
-45.0	1.806
-50.0	2.093
-55.0	2.228
-60.0	2.170
-65.0	2.301
-70.0	2.376
-75.0	2.782
-80.0	3.199
-85.0	3.302
-90.0	3.307
-12000	3.307
2013-07-15 00:00:00	20	2
-0.0	0.789
-5.0	0.689
-10.0	0.748
-15.0	0.921
-20.0	1.096
-25.0	1.404
-30.0	1.760
-35.0	2.042
-40.0	2.502
-45.0	3.021
-50.0	3.387
-55.0	3.515
-60.0	3.554
-65.0	3.445
-70.0	3.685
-75.0	3.850
-80.0	3.842
-85.0	3.804
-90.0	4.267
-12000	4.267
2013-08-15 00:00:00	20	2
-0.0	0.828
-5.0	0.721
-10.0	0.754
-15.0	0.782
-20.0	0.843
-25.0	1.030
-30.0	1.300
-35.0	1.688
-40.0	2.015
-45.0	2.626
-50.0	2.615
-55.0	2.551
-60.0	2.698
-65.0	2.873
-70.0	2.992
-75.0	3.196
-80.0	3.691
-85.0	3.808
-90.0	3.913
-12000	3.913
2013-09-15 00:00:00	20	2
-0.0	1.552
-5.0	1.429
-10.0	1.493
-15.0	1.582
-20.0	1.695
-25.0	1.958
-30.0	2.266
-35.0	2.478
-40.0	2.694
-45.0	3.205
-50.0	3.767
-55.0	3.575
-60.0	3.622
-65.0	3.663
-70.0	3.980
-75.0	3.950
-80.0	4.189
-85.0	5.164
-90.0	4.350
-12000	4.350
2013-10-15 00:00:00	20	2
-0.0	1.735
-5.0	1.954
-10.0	1.980
-15.0	2.004
-20.0	2.035
-25.0	2.122
-30.0	2.245
-35.0	2.520
-40.0	2.735
-45.0	3.014
-50.0	2.829
-55.0	2.971
-60.0	3.350
-65.0	3.949
-70.0	4.028
-75.0	4.437
-80.0	4.949
-85.0	4.891
-90.0	4.918
-12000	4.918
2013-11-15 00:00:00	20	2
-0.0	3.125
-5.0	3.072
-10.0	3.089
-15.0	3.069
-20.0	3.114
-25.0	3.167
-30.0	3.202
-35.0	3.259
-40.0	3.351
-45.0	3.376
-50.0	3.530
-55.0	3.568
-60.0	3.890
-65.0	4.123
-70.0	3.949
-75.0	4.159
-80.0	4.699
-85.0	4.591
-90.0	4.607
-12000	4.607
2013-12-15 00:00:00	20	2
-0.0	3.603
-5.0	3.681
-10.0	3.688
-15.0	3.612
-20.0	3.600
-25.0	3.618
-30.0	3.605
-35.0	3.530
-40.0	3.607
-45.0	3.587
-50.0	3.583
-55.0	3.708
-60.0	3.843
-65.0	3.880
-70.0	3.811
-75.0	3.977
-80.0	4.348
-85.0	4.236
-90.0	4.484
-12000	4.484
2014-01-15 00:00:00	20	2
-0.0	3.511
-5.0	3.605
-10.0	3.652
-15.0	3.611
-20.0	3.584
-25.0	3.641
-30.0	3.732
-35.0	3.265
-40.0	3.357
-45.0	3.511
-50.0	3.475
-55.0	3.579
-60.0	3.988
-65.0	3.911
-70.0	3.689
-75.0	3.529
-80.0	3.782
-85.0	3.818
-90.0	4.271
-12000	4.271
2014-02-15 00:00:00	20	2
-0.0	4.012
-5.0	4.064
-10.0	3.940
-15.0	3.923
-20.0	3.865
-25.0	3.805
-30.0	3.782
-35.0	3.449
-40.0	3.579
-45.0	3.573
-50.0	3.336
-55.0	4.237
-60.0	4.516
-65.0	4.605
-70.0	4.209
-75.0	4.619
-80.0	4.098
-85.0	4.629
-90.0	4.868
-12000	4.868
2014-03-15 00:00:00	20	2
-0.0	3.135
-5.0	2.809
-10.0	2.826
-15.0	2.809
-20.0	2.841
-25.0	2.929
-30.0	3.100
-35.0	3.007
-40.0	3.188
-45.0	3.327
-50.0	3.421
-55.0	3.468
-60.0	3.479
-65.0	3.565
-70.0	3.494
-75.0	3.805
-80.0	3.932
-85.0	4.005
-90.0	4.435
-12000	4.435
2014-04-15 00:00:00	20	2
-0.0	1.684
-5.0	1.480
-10.0	1.504
-15.0	1.490
-20.0	1.512
-25.0	1.528
-30.0	1.660
-35.0	1.901
-40.0	2.160
-45.0	2.159
-50.0	2.494
-55.0	2.517
-60.0	2.666
-65.0	2.938
-70.0	2.969
-75.0	3.047
-80.0	4.175
-85.0	4.202
-90.0	4.079
-12000	4.079
2014-05-15 00:00:00	20	2
-0.0	0.814
-5.0	0.787
-10.0	0.773
-15.0	0.784
-20.0	0.858
-25.0	0.935
-30.0	1.040
-35.0	1.094
-40.0	1.350
-45.0	1.509
-50.0	1.702
-55.0	1.915
-60.0	2.006
-65.0	2.253
-70.0	2.262
-75.0	2.611
-80.0	2.584
-85.0	2.787
-90.0	3.120
-12000	3.120
2014-06-15 00:00:00	20	2
-0.0	0.598
-5.0	0.493
-10.0	0.528
-15.0	0.628
-20.0	0.749
-25.0	1.037
-30.0	1.302
-35.0	1.346
-40.0	1.606
-45.0	1.806
-50.0	2.093
-55.0	2.228
-60.0	2.170
-65.0	2.301
-70.0	2.376
-75.0	2.782
-80.0	3.199
-85.0	3.302
-90.0	3.307
-12000	3.307
2014-07-15 00:00:00	20	2
-0.0	0.789
-5.0	0.689
-10.0	0.748
-15.0	0.921
-20.0	1.096
-25.0	1.404
-30.0	1.760
-35.0	2.042
-40.0	2.502
-45.0	3.021
-50.0	3.387
-55.0	3.515
-60.0	3.554
-65.0	3.445
-70.0	3.685
-75.0	3.850
-80.0	3.842
-85.0	3.804
-90.0	4.267
-12000	4.267
2014-08-15 00:00:00	20	2
-0.0	0.828
-5.0	0.721
-10.0	0.754
-15.0	0.782
-20.0	0.843
-25.0	1.030
-30.0	1.300
-35.0	1.688
-40.0	2.015
-45.0	2.626
-50.0	2.615
-55.0	2.551
-60.0	2.698
-65.0	2.873
-70.0	2.992
-75.0	3.196
-80.0	3.691
-85.0	3.808
-90.0	3.913
-12000	3.913
2014-09-15 00:00:00	20	2
-0.0	1.552
-5.0	1.429
-10.0	1.493
-15.0	1.582
-20.0	1.695
-25.0	1.958
-30.0	2.266
-35.0	2.478
-40.0	2.694
-45.0	3.205
-50.0	3.767
-55.0	3.575
-60.0	3.622
-65.0	3.663
-70.0	3.980
-75.0	3.950
-80.0	4.189
-85.0	5.164
-90.0	4.350
-12000	4.350
2014-10-15 00:00:00	20	2
-0.0	1.735
-5.0	1.954
-10.0	1.980
-15.0	2.004
-20.0	2.035
-25.0	2.122
-30.0	2.245
-35.0	2.520
-40.0	2.735
-45.0	3.014
-50.0	2.829
-55.0	2.971
-60.0	3.350
-65.0	3.949
-70.0	4.028
-75.0	4.437
-80.0	4.949
-85.0	4.891
-90.0	4.918
-12000	4.918
2014-11-15 00:00:00	20	2
-0.0	3.125
-5.0	3.072
-10.0	3.089
-15.0	3.069
-20.0	3.114
-25.0	3.167
-30.0	3.202
-35.0	3.259
-40.0	3.351
-45.0	3.376
-50.0	3.530
-55.0	3.568
-60.0	3.890
-65.0	4.123
-70.0	3.949
-75.0	4.159
-80.0	4.699
-85.0	4.591
-90.0	4.607
-12000	4.607
2014-12-15 00:00:00	20	2
-0.0	3.603
-5.0	3.681
-10.0	3.688
-15.0	3.612
-20.0	3.600
-25.0	3.618
-30.0	3.605
-35.0	3.530
-40.0	3.607
-45.0	3.587
-50.0	3.583
-55.0	3.708
-60.0	3.843
-65.0	3.880
-70.0	3.811
-75.0	3.977
-80.0	4.348
-85.0	4.236
-90.0	4.484
-12000	4.484
2015-01-15 00:00:00	20	2
-0.0	3.511
-5.0	3.605
-10.0	3.652
-15.0	3.611
-20.0	3.584
-25.0	3.641
-30.0	3.732
-35.0	3.265
-40.0	3.357
-45.0	3.511
-50.0	3.475
-55.0	3.579
-60.0	3.988
-65.0	3.911
-70.0	3.689
-75.0	3.529
-80.0	3.782
-85.0	3.818
-90.0	4.271
-12000	4.271
2015-02-15 00:00:00	20	2
-0.0	4.012
-5.0	4.064
-10.0	3.940
-15.0	3.923
-20.0	3.865
-25.0	3.805
-30.0	3.782
-35.0	3.449
-40.0	3.579
-45.0	3.573
-50.0	3.336
-55.0	4.237
-60.0	4.516
-65.0	4.605
-70.0	4.209
-75.0	4.619
-80.0	4.098
-85.0	4.629
-90.0	4.868
-12000	4.868
2015-03-15 00:00:00	20	2
-0.0	3.135
-5.0	2.809
-10.0	2.826
-15.0	2.809
-20.0	2.841
-25.0	2.929
-30.0	3.100
-35.0	3.007
-40.0	3.188
-45.0	3.327
-50.0	3.421
-55.0	3.468
-60.0	3.479
-65.0	3.565
-70.0	3.494
-75.0	3.805
-80.0	3.932
-85.0	4.005
-90.0	4.435
-12000	4.435
2015-04-15 00:00:00	20	2
-0.0	1.684
-5.0	1.480
-10.0	1.504
-15.0	1.490
-20.0	1.512
-25.0	1.528
-30.0	1.660
-35.0	1.901
-40.0	2.160
-45.0	2.159
-50.0	2.494
-55.0	2.517
-60.0	2.666
-65.0	2.938
-70.0	2.969
-75.0	3.047
-80.0	4.175
-85.0	4.202
-90.0	4.079
-12000	4.079
2015-05-15 00:00:00	20	2
-0.0	0.814
-5.0	0.787
-10.0	0.773
-15.0	0.784
-20.0	0.858
-25.0	0.935
-30.0	1.040
-35.0	1.094
-40.0	1.350
-45.0	1.509
-50.0	1.702
-55.0	1.915
-60.0	2.006
-65.0	2.253
-70.0	2.262
-75.0	2.611
-80.0	2.584
-85.0	2.787
-90.0	3.120
-12000	3.120
2015-06-15 00:00:00	20	2
-0.0	0.598
-5.0	0.493
-10.0	0.528
-15.0	0.628
-20.0	0.749
-25.0	1.037
-30.0	1.302
-35.0	1.346
-40.0	1.606
-45.0	1.806
-50.0	2.093
-55.0	2.228
-60.0	2.170
-65.0	2.301
-70.0	2.376
-75.0	2.782
-80.0	3.199
-85.0	3.302
-90.0	3.307
-12000	3.307
2015-07-15 00:00:00	20	2
-0.0	0.789
-5.0	0.689
-10.0	0.748
-15.0	0.921
-20.0	1.096
-25.0	1.404
-30.0	1.760
-35.0	2.042
-40.0	2.502
-45.0	3.021
-50.0	3.387
-55.0	3.515
-60.0	3.554
-65.0	3.445
-70.0	3.685
-75.0	3.850
-80.0	3.842
-85.0	3.804
-90.0	4.267
-12000	4.267
2015-08-15 00:00:00	20	2
-0.0	0.828
-5.0	0.721
-10.0	0.754
-15.0	0.782
-20.0	0.843
-25.0	1.030
-30.0	1.300
-35.0	1.688
-40.0	2.015
-45.0	2.626
-50.0	2.615
-55.0	2.551
-60.0	2.698
-65.0	2.873
-70.0	2.992
-75.0	3.196
-80.0	3.691
-85.0	3.808
-90.0	3.913
-12000	3.913
2015-09-15 00:00:00	20	2
-0.0	1.552
-5.0	1.429
-10.0	1.493
-15.0	1.582
-20.0	1.695
-25.0	1.958
-30.0	2.266
-35.0	2.478
-40.0	2.694
-45.0	3.205
-50.0	3.767
-55.0	3.575
-60.0	3.622
-65.0	3.663
-70.0	3.980
-75.0	3.950
-80.0	4.189
-85.0	5.164
-90.0	4.350
-12000	4.350
2015-10-15 00:00:00	20	2
-0.0	1.735
-5.0	1.954
-10.0	1.980
-15.0	2.004
-20.0	2.035
-25.0	2.122
-30.0	2.245
-35.0	2.520
-40.0	2.735
-45.0	3.014
-50.0	2.829
-55.0	2.971
-60.0	3.350
-65.0	3.949
-70.0	4.028
-75.0	4.437
-80.0	4.949
-85.0	4.891
-90.0	4.918
-12000	4.918
2015-11-15 00:00:00	20	2
-0.0	3.125
-5.0	3.072
-10.0	3.089
-15.0	3.069
-20.0	3.114
-25.0	3.167
-30.0	3.202
-35.0	3.259
-40.0	3.351
-45.0	3.376
-50.0	3.530
-55.0	3.568
-60.0	3.890
-65.0	4.123
-70.0	3.949
-75.0	4.159
-80.0	4.699
-85.0	4.591
-90.0	4.607
-12000	4.607
2015-12-15 00:00:00	20	2
-0.0	3.603
-5.0	3.681
-10.0	3.688
-15.0	3.612
-20.0	3.600
-25.0	3.618
-30.0	3.605
-35.0	3.530
-40.0	3.607
-45.0	3.587
-50.0	3.583
-55.0	3.708
-60.0	3.843
-65.0	3.880
-70.0	3.811
-75.0	3.977
-80.0	4.348
-85.0	4.236
-90.0	4.484
-12000	4.484
2016-01-15 00:00:00	20	2
-0.0	3.511
-5.0	3.605
-10.0	3.652
-15.0	3.611
-20.0	3.584
-25.0	3.641
-30.0	3.732
-35.0	3.265
-40.0	3.357
-45.0	3.511
-50.0	3.475
-55.0	3.579
-60.0	3.988
-65.0	3.911
-70.0	3.689
-75.0	3.529
-80.0	3.782
-85.0	3.818
-90.0	4.271
-12000	4.271
2016-02-15 00:00:00	20	2
-0.0	4.012
-5.0	4.064
-10.0	3.940
-15.0	3.923
-20.0	3.865
-25.0	3.805
-30.0	3.782
-35.0	3.449
-40.0	3.579
-45.0	3.573
-50.0	3.336
-55.0	4.237
-60.0	4.516
-65.0	4.605
-70.0	4.209
-75.0	4.619
-80.0	4.098
-85.0	4.629
-90.0	4.868
-12000	4.868
2016-03-15 00:00:00	20	2
-0.0	3.135
-5.0	2.809
-10.0	2.826
-15.0	2.809
-20.0	2.841
-25.0	2.929
-30.0	3.100
-35.0	3.007
-40.0	3.188
-45.0	3.327
-50.0	3.421
-55.0	3.468
-60.0	3.479
-65.0	3.565
-70.0	3.494
-75.0	3.805
-80.0	3.932
-85.0	4.005
-90.0	4.435
-12000	4.435
2016-04-15 00:00:00	20	2
-0.0	1.684
-5.0	1.480
-10.0	1.504
-15.0	1.490
-20.0	1.512
-25.0	1.528
-30.0	1.660
-35.0	1.901
-40.0	2.160
-45.0	2.159
-50.0	2.494
-55.0	2.517
-60.0	2.666
-65.0	2.938
-70.0	2.969
-75.0	3.047
-80.0	4.175
-85.0	4.202
-90.0	4.079
-12000	4.079
2016-05-15 00:00:00	20	2
-0.0	0.814
-5.0	0.787
-10.0	0.773
-15.0	0.784
-20.0	0.858
-25.0	0.935
-30.0	1.040
-35.0	1.094
-40.0	1.350
-45.0	1.509
-50.0	1.702
-55.0	1.915
-60.0	2.006
-65.0	2.253
-70.0	2.262
-75.0	2.611
-80.0	2.584
-85.0	2.787
-90.0	3.120
-12000	3.120
2016-06-15 00:00:00	20	2
-0.0	0.598
-5.0	0.493
-10.0	0.528
-15.0	0.628
-20.0	0.749
-25.0	1.037
-30.0	1.302
-35.0	1.346
-40.0	1.606
-45.0	1.806
-50.0	2.093
-55.0	2.228
-60.0	2.170
-65.0	2.301
-70.0	2.376
-75.0	2.782
-80.0	3.199
-85.0	3.302
-90.0	3.307
-12000	3.307
2016-07-15 00:00:00	20	2
-0.0	0.789
-5.0	0.689
-10.0	0.748
-15.0	0.921
-20.0	1.096
-25.0	1.404
-30.0	1.760
-35.0	2.042
-40.0	2.502
-45.0	3.021
-50.0	3.387
-55.0	3.515
-60.0	3.554
-65.0	3.445
-70.0	3.685
-75.0	3.850
-80.0	3.842
-85.0	3.804
-90.0	4.267
-12000	4.267
2016-08-15 00:00:00	20	2
-0.0	0.828
-5.0	0.721
-10.0	0.754
-15.0	0.782
-20.0	0.843
-25.0	1.030
-30.0	1.300
-35.0	1.688
-40.0	2.015
-45.0	2.626
-50.0	2.615
-55.0	2.551
-60.0	2.698
-65.0	2.873
-70.0	2.992
-75.0	3.196
-80.0	3.691
-85.0	3.808
-90.0	3.913
-12000	3.913
2016-09-15 00:00:00	20	2
-0.0	1.552
-5.0	1.429
-10.0	1.493
-15.0	1.582
-20.0	1.695
-25.0	1.958
-30.0	2.266
-35.0	2.478
-40.0	2.694
-45.0	3.205
-50.0	3.767
-55.0	3.575
-60.0	3.622
-65.0	3.663
-70.0	3.980
-75.0	3.950
-80.0	4.189
-85.0	5.164
-90.0	4.350
-12000	4.350
2016-10-15 00:00:00	20	2
-0.0	1.735
-5.0	1.954
-10.0	1.980
-15.0	2.004
-20.0	2.035
-25.0	2.122
-30.0	2.245
-35.0	2.520
-40.0	2.735
-45.0	3.014
-50.0	2.829
-55.0	2.971
-60.0	3.350
-65.0	3.949
-70.0	4.028
-75.0	4.437
-80.0	4.949
-85.0	4.891
-90.0	4.918
-12000	4.918
2016-11-15 00:00:00	20	2
-0.0	3.125
-5.0	3.072
-10.0	3.089
-15.0	3.069
-20.0	3.114
-25.0	3.167
-30.0	3.202
-35.0	3.259
-40.0	3.351
-45.0	3.376
-50.0	3.530
-55.0	3.568
-60.0	3.890
-65.0	4.123
-70.0	3.949
-75.0	4.159
-80.0	4.699
-85.0	4.591
-90.0	4.607
-12000	4.607
2016-12-15 00:00:00	20	2
-0.0	3.603
-5.0	3.681
-10.0	3.688
-15.0	3.612
-20.0	3.600
-25.0	3.618
-30.0	3.605
-35.0	3.530
-40.0	3.607
-45.0	3.587
-50.0	3.583
-55.0	3.708
-60.0	3.843
-65.0	3.880
-70.0	3.811
-75.0	3.977
-80.0	4.348
-85.0	4.236
-90.0	4.484
-12000	4.484
2017-01-15 00:00:00	20	2
-0.0	3.511
-5.0	3.605
-10.0	3.652
-15.0	3.611
-20.0	3.584
-25.0	3.641
-30.0	3.732
-35.0	3.265
-40.0	3.357
-45.0	3.511
-50.0	3.475
-55.0	3.579
-60.0	3.988
-65.0	3.911
-70.0	3.689
-75.0	3.529
-80.0	3.782
-85.0	3.818
-90.0	4.271
-12000	4.271
2017-02-15 00:00:00	20	2
-0.0	4.012
-5.0	4.064
-10.0	3.940
-15.0	3.923
-20.0	3.865
-25.0	3.805
-30.0	3.782
-35.0	3.449
-40.0	3.579
-45.0	3.573
-50.0	3.336
-55.0	4.237
-60.0	4.516
-65.0	4.605
-70.0	4.209
-75.0	4.619
-80.0	4.098
-85.0	4.629
-90.0	4.868
-12000	4.868
2017-03-15 00:00:00	20	2
-0.0	3.135
-5.0	2.809
-10.0	2.826
-15.0	2.809
-20.0	2.841
-25.0	2.929
-30.0	3.100
-35.0	3.007
-40.0	3.188
-45.0	3.327
-50.0	3.421
-55.0	3.468
-60.0	3.479
-65.0	3.565
-70.0	3.494
-75.0	3.805
-80.0	3.932
-85.0	4.005
-90.0	4.435
-12000	4.435
2017-04-15 00:00:00	20	2
-0.0	1.684
-5.0	1.480
-10.0	1.504
-15.0	1.490
-20.0	1.512
-25.0	1.528
-30.0	1.660
-35.0	1.901
-40.0	2.160
-45.0	2.159
-50.0	2.494
-55.0	2.517
-60.0	2.666
-65.0	2.938
-70.0	2.969
-75.0	3.047
-80.0	4.175
-85.0	4.202
-90.0	4.079
-12000	4.079
2017-05-15 00:00:00	20	2
-0.0	0.814
-5.0	0.787
-10.0	0.773
-15.0	0.784
-20.0	0.858
-25.0	0.935
-30.0	1.040
-35.0	1.094
-40.0	1.350
-45.0	1.509
-50.0	1.702
-55.0	1.915
-60.0	2.006
-65.0	2.253
-70.0	2.262
-75.0	2.611
-80.0	2.584
-85.0	2.787
-90.0	3.120
-12000	3.120
2017-06-15 00:00:00	20	2
-0.0	0.598
-5.0	0.493
-10.0	0.528
-15.0	0.628
-20.0	0.749
-25.0	1.037
-30.0	1.302
-35.0	1.346
-40.0	1.606
-45.0	1.806
-50.0	2.093
-55.0	2.228
-60.0	2.170
-65.0	2.301
-70.0	2.376
-75.0	2.782
-80.0	3.199
-85.0	3.302
-90.0	3.307
-12000	3.307
2017-07-15 00:00:00	20	2
-0.0	0.789
-5.0	0.689
-10.0	0.748
-15.0	0.921
-20.0	1.096
-25.0	1.404
-30.0	1.760
-35.0	2.042
-40.0	2.502
-45.0	3.021
-50.0	3.387
-55.0	3.515
-60.0	3.554
-65.0	3.445
-70.0	3.685
-75.0	3.850
-80.0	3.842
-85.0	3.804
-90.0	4.267
-12000	4.267
2017-08-15 00:00:00	20	2
-0.0	0.828
-5.0	0.721
-10.0	0.754
-15.0	0.782
-20.0	0.843
-25.0	1.030
-30.0	1.300
-35.0	1.688
-40.0	2.015
-45.0	2.626
-50.0	2.615
-55.0	2.551
-60.0	2.698
-65.0	2.873
-70.0	2.992
-75.0	3.196
-80.0	3.691
-85.0	3.808
-90.0	3.913
-12000	3.913
2017-09-15 00:00:00	20	2
-0.0	1.552
-5.0	1.429
-10.0	1.493
-15.0	1.582
-20.0	1.695
-25.0	1.958
-30.0	2.266
-35.0	2.478
-40.0	2.694
-45.0	3.205
-50.0	3.767
-55.0	3.575
-60.0	3.622
-65.0	3.663
-70.0	3.980
-75.0	3.950
-80.0	4.189
-85.0	5.164
-90.0	4.350
-12000	4.350
2017-10-15 00:00:00	20	2
-0.0	1.735
-5.0	1.954
-10.0	1.980
-15.0	2.004
-20.0	2.035
-25.0	2.122
-30.0	2.245
-35.0	2.520
-40.0	2.735
-45.0	3.014
-50.0	2.829
-55.0	2.971
-60.0	3.350
-65.0	3.949
-70.0	4.028
-75.0	4.437
-80.0	4.949
-85.0	4.891
-90.0	4.918
-12000	4.918
2017-11-15 00:00:00	20	2
-0.0	3.125
-5.0	3.072
-10.0	3.089
-15.0	3.069
-20.0	3.114
-25.0	3.167
-30.0	3.202
-35.0	3.259
-40.0	3.351
-45.0	3.376
-50.0	3.530
-55.0	3.568
-60.0	3.890
-65.0	4.123
-70.0	3.949
-75.0	4.159
-80.0	4.699
-85.0	4.591
-90.0	4.607
-12000	4.607
2017-12-15 00:00:00	20	2
-0.0	3.603
-5.0	3.681
-10.0	3.688
-15.0	3.612
-20.0	3.600
-25.0	3.618
-30.0	3.605
-35.0	3.530
-40.0	3.607
-45.0	3.587
-50.0	3.583
-55.0	3.708
-60.0	3.843
-65.0	3.880
-70.0	3.811
-75.0	3.977
-80.0	4.348
-85.0	4.236
-90.0	4.484
-12000	4.484
2018-01-15 00:00:00	20	2
-0.0	3.511
-5.0	3.605
-10.0	3.652
-15.0	3.611
-20.0	3.584
-25.0	3.641
-30.0	3.732
-35.0	3.265
-40.0	3.357
-45.0	3.511
-50.0	3.475
-55.0	3.579
-60.0	3.988
-65.0	3.911
-70.0	3.689
-75.0	3.529
-80.0	3.782
-85.0	3.818
-90.0	4.271
-12000	4.271
2018-02-15 00:00:00	20	2
-0.0	4.012
-5.0	4.064
-10.0	3.940
-15.0	3.923
-20.0	3.865
-25.0	3.805
-30.0	3.782
-35.0	3.449
-40.0	3.579
-45.0	3.573
-50.0	3.336
-55.0	4.237
-60.0	4.516
-65.0	4.605
-70.0	4.209
-75.0	4.619
-80.0	4.098
-85.0	4.629
-90.0	4.868
-12000	4.868
2018-03-15 00:00:00	20	2
-0.0	3.135
-5.0	2.809
-10.0	2.826
-15.0	2.809
-20.0	2.841
-25.0	2.929
-30.0	3.100
-35.0	3.007
-40.0	3.188
-45.0	3.327
-50.0	3.421
-55.0	3.468
-60.0	3.479
-65.0	3.565
-70.0	3.494
-75.0	3.805
-80.0	3.932
-85.0	4.005
-90.0	4.435
-12000	4.435
2018-04-15 00:00:00	20	2
-0.0	1.684
-5.0	1.480
-10.0	1.504
-15.0	1.490
-20.0	1.512
-25.0	1.528
-30.0	1.660
-35.0	1.901
-40.0	2.160
-45.0	2.159
-50.0	2.494
-55.0	2.517
-60.0	2.666
-65.0	2.938
-70.0	2.969
-75.0	3.047
-80.0	4.175
-85.0	4.202
-90.0	4.079
-12000	4.079
2018-05-15 00:00:00	20	2
-0.0	0.814
-5.0	0.787
-10.0	0.773
-15.0	0.784
-20.0	0.858
-25.0	0.935
-30.0	1.040
-35.0	1.094
-40.0	1.350
-45.0	1.509
-50.0	1.702
-55.0	1.915
-60.0	2.006
-65.0	2.253
-70.0	2.262
-75.0	2.611
-80.0	2.584
-85.0	2.787
-90.0	3.120
-12000	3.120
2018-06-15 00:00:00	20	2
-0.0	0.598
-5.0	0.493
-10.0	0.528
-15.0	0.628
-20.0	0.749
-25.0	1.037
-30.0	1.302
-35.0	1.346
-40.0	1.606
-45.0	1.806
-50.0	2.093
-55.0	2.228
-60.0	2.170
-65.0	2.301
-70.0	2.376
-75.0	2.782
-80.0	3.199
-85.0	3.302
-90.0	3.307
-12000	3.307
2018-07-15 00:00:00	20	2
-0.0	0.789
-5.0	0.689
-10.0	0.748
-15.0	0.921
-20.0	1.096
-25.0	1.404
-30.0	1.760
-35.0	2.042
-40.0	2.502
-45.0	3.021
-50.0	3.387
-55.0	3.515
-60.0	3.554
-65.0	3.445
-70.0	3.685
-75.0	3.850
-80.0	3.842
-85.0	3.804
-90.0	4.267
-12000	4.267
2018-08-15 00:00:00	20	2
-0.0	0.828
-5.0	0.721
-10.0	0.754
-15.0	0.782
-20.0	0.843
-25.0	1.030
-30.0	1.300
-35.0	1.688
-40.0	2.015
-45.0	2.626
-50.0	2.615
-55.0	2.551
-60.0	2.698
-65.0	2.873
-70.0	2.992
-75.0	3.196
-80.0	3.691
-85.0	3.808
-90.0	3.913
-12000	3.913
2018-09-15 00:00:00	20	2
-0.0	1.552
-5.0	1.429
-10.0	1.493
-15.0	1.582
-20.0	1.695
-25.0	1.958
-30.0	2.266
-35.0	2.478
-40.0	2.694
-45.0	3.205
-50.0	3.767
-55.0	3.575
-60.0	3.622
-65.0	3.663
-70.0	3.980
-75.0	3.950
-80.0	4.189
-85.0	5.164
-90.0	4.350
-12000	4.350
2018-10-15 00:00:00	20	2
-0.0	1.735
-5.0	1.954
-10.0	1.980
-15.0	2.004
-20.0	2.035
-25.0	2.122
-30.0	2.245
-35.0	2.520
-40.0	2.735
-45.0	3.014
-50.0	2.829
-55.0	2.971
-60.0	3.350
-65.0	3.949
-70.0	4.028
-75.0	4.437
-80.0	4.949
-85.0	4.891
-90.0	4.918
-12000	4.918
2018-11-15 00:00:00	20	2
-0.0	3.125
-5.0	3.072
-10.0	3.089
-15.0	3.069
-20.0	3.114
-25.0	3.167
-30.0	3.202
-35.0	3.259
-40.0	3.351
-45.0	3.376
-50.0	3.530
-55.0	3.568
-60.0	3.890
-65.0	4.123
-70.0	3.949
-75.0	4.159
-80.0	4.699
-85.0	4.591
-90.0	4.607
-12000	4.607
2018-12-15 00:00:00	20	2
-0.0	3.603
-5.0	3.681
-10.0	3.688
-15.0	3.612
-20.0	3.600
-25.0	3.618
-30.0	3.605
-35.0	3.530
-40.0	3.607
-45.0	3.587
-50.0	3.583
-55.0	3.708
-60.0	3.843
-65.0	3.880
-70.0	3.811
-75.0	3.977
-80.0	4.348
-85.0	4.236
-90.0	4.484
-12000	4.484
2019-01-15 00:00:00	20	2
-0.0	3.511
-5.0	3.605
-10.0	3.652
-15.0	3.611
-20.0	3.584
-25.0	3.641
-30.0	3.732
-35.0	3.265
-40.0	3.357
-45.0	3.511
-50.0	3.475
-55.0	3.579
-60.0	3.988
-65.0	3.911
-70.0	3.689
-75.0	3.529
-80.0	3.782
-85.0	3.818
-90.0	4.271
-12000	4.271
2019-02-15 00:00:00	20	2
-0.0	4.012
-5.0	4.064
-10.0	3.940
-15.0	3.923
-20.0	3.865
-25.0	3.805
-30.0	3.782
-35.0	3.449
-40.0	3.579
-45.0	3.573
-50.0	3.336
-55.0	4.237
-60.0	4.516
-65.0	4.605
-70.0	4.209
-75.0	4.619
-80.0	4.098
-85.0	4.629
-90.0	4.868
-12000	4.868
2019-03-15 00:00:00	20	2
-0.0	3.135
-5.0	2.809
-10.0	2.826
-15.0	2.809
-20.0	2.841
-25.0	2.929
-30.0	3.100
-35.0	3.007
-40.0	3.188
-45.0	3.327
-50.0	3.421
-55.0	3.468
-60.0	3.479
-65.0	3.565
-70.0	3.494
-75.0	3.805
-80.0	3.932
-85.0	4.005
-90.0	4.435
-12000	4.435
2019-04-15 00:00:00	20	2
-0.0	1.684
-5.0	1.480
-10.0	1.504
-15.0	1.490
-20.0	1.512
-25.0	1.528
-30.0	1.660
-35.0	1.901
-40.0	2.160
-45.0	2.159
-50.0	2.494
-55.0	2.517
-60.0	2.666
-65.0	2.938
-70.0	2.969
-75.0	3.047
-80.0	4.175
-85.0	4.202
-90.0	4.079
-12000	4.079
2019-05-15 00:00:00	20	2
-0.0	0.814
-5.0	0.787
-10.0	0.773
-15.0	0.784
-20.0	0.858
-25.0	0.935
-30.0	1.040
-35.0	1.094
-40.0	1.350
-45.0	1.509
-50.0	1.702
-55.0	1.915
-60.0	2.006
-65.0	2.253
-70.0	2.262
-75.0	2.611
-80.0	2.584
-85.0	2.787
-90.0	3.120
-12000	3.120
2019-06-15 00:00:00	20	2
-0.0	0.598
-5.0	0.493
-10.0	0.528
-15.0	0.628
-20.0	0.749
-25.0	1.037
-30.0	1.302
-35.0	1.346
-40.0	1.606
-45.0	1.806
-50.0	2.093
-55.0	2.228
-60.0	2.170
-65.0	2.301
-70.0	2.376
-75.0	2.782
-80.0	3.199
-85.0	3.302
-90.0	3.307
-12000	3.307
2019-07-15 00:00:00	20	2
-0.0	0.789
-5.0	0.689
-10.0	0.748
-15.0	0.921
-20.0	1.096
-25.0	1.404
-30.0	1.760
-35.0	2.042
-40.0	2.502
-45.0	3.021
-50.0	3.387
-55.0	3.515
-60.0	3.554
-65.0	3.445
-70.0	3.685
-75.0	3.850
-80.0	3.842
-85.0	3.804
-90.0	4.267
-12000	4.267
2019-08-15 00:00:00	20	2
-0.0	0.828
-5.0	0.721
-10.0	0.754
-15.0	0.782
-20.0	0.843
-25.0	1.030
-30.0	1.300
-35.0	1.688
-40.0	2.015
-45.0	2.626
-50.0	2.615
-55.0	2.551
-60.0	2.698
-65.0	2.873
-70.0	2.992
-75.0	3.196
-80.0	3.691
-85.0	3.808
-90.0	3.913
-12000	3.913
2019-09-15 00:00:00	20	2
-0.0	1.552
-5.0	1.429
-10.0	1.493
-15.0	1.582
-20.0	1.695
-25.0	1.958
-30.0	2.266
-35.0	2.478
-40.0	2.694
-45.0	3.205
-50.0	3.767
-55.0	3.575
-60.0	3.622
-65.0	3.663
-70.0	3.980
-75.0	3.950
-80.0	4.189
-85.0	5.164
-90.0	4.350
-12000	4.350
2019-10-15 00:00:00	20	2
-0.0	1.735
-5.0	1.954
-10.0	1.980
-15.0	2.004
-20.0	2.035
-25.0	2.122
-30.0	2.245
-35.0	2.520
-40.0	2.735
-45.0	3.014
-50.0	2.829
-55.0	2.971
-60.0	3.350
-65.0	3.949
-70.0	4.028
-75.0	4.437
-80.0	4.949
-85.0	4.891
-90.0	4.918
-12000	4.918
2019-11-15 00:00:00	20	2
-0.0	3.125
-5.0	3.072
-10.0	3.089
-15.0	3.069
-20.0	3.114
-25.0	3.167
-30.0	3.202
-35.0	3.259
-40.0	3.351
-45.0	3.376
-50.0	3.530
-55.0	3.568
-60.0	3.890
-65.0	4.123
-70.0	3.949
-75.0	4.159
-80.0	4.699
-85.0	4.591
-90.0	4.607
-12000	4.607
2019-12-15 00:00:00	20	2
-0.0	3.603
-5.0	3.681
-10.0	3.688
-15.0	3.612
-20.0	3.600
-25.0	3.618
-30.0	3.605
-35.0	3.530
-40.0	3.607
-45.0	3.587
-50.0	3.583
-55.0	3.708
-60.0	3.843
-65.0	3.880
-70.0	3.811
-75.0	3.977
-80.0	4.348
-85.0	4.236
-90.0	4.484
-12000	4.484
2020-01-15 00:00:00	20	2
-0.0	3.511
-5.0	3.605
-10.0	3.652
-15.0	3.611
-20.0	3.584
-25.0	3.641
-30.0	3.732
-35.0	3.265
-40.0	3.357
-45.0	3.511
-50.0	3.475
-55.0	3.579
-60.0	3.988
-65.0	3.911
-70.0	3.689
-75.0	3.529
-80.0	3.782
-85.0	3.818
-90.0	4.271
-12000	4.271
2020-02-15 00:00:00	20	2
-0.0	4.012
-5.0	4.064
-10.0	3.940
-15.0	3.923
-20.0	3.865
-25.0	3.805
-30.0	3.782
-35.0	3.449
-40.0	3.579
-45.0	3.573
-50.0	3.336
-55.0	4.237
-60.0	4.516
-65.0	4.605
-70.0	4.209
-75.0	4.619
-80.0	4.098
-85.0	4.629
-90.0	4.868
-12000	4.868
2020-03-15 00:00:00	20	2
-0.0	3.135
-5.0	2.809
-10.0	2.826
-15.0	2.809
-20.0	2.841
-25.0	2.929
-30.0	3.100
-35.0	3.007
-40.0	3.188
-45.0	3.327
-50.0	3.421
-55.0	3.468
-60.0	3.479
-65.0	3.565
-70.0	3.494
-75.0	3.805
-80.0	3.932
-85.0	4.005
-90.0	4.435
-12000	4.435
2020-04-15 00:00:00	20	2
-0.0	1.684
-5.0	1.480
-10.0	1.504
-15.0	1.490
-20.0	1.512
-25.0	1.528
-30.0	1.660
-35.0	1.901
-40.0	2.160
-45.0	2.159
-50.0	2.494
-55.0	2.517
-60.0	2.666
-65.0	2.938
-70.0	2.969
-75.0	3.047
-80.0	4.175
-85.0	4.202
-90.0	4.079
-12000	4.079
2020-05-15 00:00:00	20	2
-0.0	0.814
-5.0	0.787
-10.0	0.773
-15.0	0.784
-20.0	0.858
-25.0	0.935
-30.0	1.040
-35.0	1.094
-40.0	1.350
-45.0	1.509
-50.0	1.702
-55.0	1.915
-60.0	2.006
-65.0	2.253
-70.0	2.262
-75.0	2.611
-80.0	2.584
-85.0	2.787
-90.0	3.120
-12000	3.120
2020-06-15 00:00:00	20	2
-0.0	0.598
-5.0	0.493
-10.0	0.528
-15.0	0.628
-20.0	0.749
-25.0	1.037
-30.0	1.302
-35.0	1.346
-40.0	1.606
-45.0	1.806
-50.0	2.093
-55.0	2.228
-60.0	2.170
-65.0	2.301
-70.0	2.376
-75.0	2.782
-80.0	3.199
-85.0	3.302
-90.0	3.307
-12000	3.307
2020-07-15 00:00:00	20	2
-0.0	0.789
-5.0	0.689
-10.0	0.748
-15.0	0.921
-20.0	1.096
-25.0	1.404
-30.0	1.760
-35.0	2.042
-40.0	2.502
-45.0	3.021
-50.0	3.387
-55.0	3.515
-60.0	3.554
-65.0	3.445
-70.0	3.685
-75.0	3.850
-80.0	3.842
-85.0	3.804
-90.0	4.267
-12000	4.267
2020-08-15 00:00:00	20	2
-0.0	0.828
-5.0	0.721
-10.0	0.754
-15.0	0.782
-20.0	0.843
-25.0	1.030
-30.0	1.300
-35.0	1.688
-40.0	2.015
-45.0	2.626
-50.0	2.615
-55.0	2.551
-60.0	2.698
-65.0	2.873
-70.0	2.992
-75.0	3.196
-80.0	3.691
-85.0	3.808
-90.0	3.913
-12000	3.913
2020-09-15 00:00:00	20	2
-0.0	1.552
-5.0	1.429
-10.0	1.493
-15.0	1.582
-20.0	1.695
-25.0	1.958
-30.0	2.266
-35.0	2.478
-40.0	2.694
-45.0	3.205
-50.0	3.767
-55.0	3.575
-60.0	3.622
-65.0	3.663
-70.0	3.980
-75.0	3.950
-80.0	4.189
-85.0	5.164
-90.0	4.350
-12000	4.350
2020-10-15 00:00:00	20	2
-0.0	1.735
-5.0	1.954
-10.0	1.980
-15.0	2.004
-20.0	2.035
-25.0	2.122
-30.0	2.245
-35.0	2.520
-40.0	2.735
-45.0	3.014
-50.0	2.829
-55.0	2.971
-60.0	3.350
-65.0	3.949
-70.0	4.028
-75.0	4.437
-80.0	4.949
-85.0	4.891
-90.0	4.918
-12000	4.918
2020-11-15 00:00:00	20	2
-0.0	3.125
-5.0	3.072
-10.0	3.089
-15.0	3.069
-20.0	3.114
-25.0	3.167
-30.0	3.202
-35.0	3.259
-40.0	3.351
-45.0	3.376
-50.0	3.530
-55.0	3.568
-60.0	3.890
-65.0	4.123
-70.0	3.949
-75.0	4.159
-80.0	4.699
-85.0	4.591
-90.0	4.607
-12000	4.607
2020-12-15 00:00:00	20	2
-0.0	3.603
-5.0	3.681
-10.0	3.688
-15.0	3.612
-20.0	3.600
-25.0	3.618
-30.0	3.605
-35.0	3.530
-40.0	3.607
-45.0	3.587
-50.0	3.583
-55.0	3.708
-60.0	3.843
-65.0	3.880
-70.0	3.811
-75.0	3.977
-80.0	4.348
-85.0	4.236
-90.0	4.484
-12000	4.484
2021-01-15 00:00:00	20	2
-0.0	3.511
-5.0	3.605
-10.0	3.652
-15.0	3.611
-20.0	3.584
-25.0	3.641
-30.0	3.732
-35.0	3.265
-40.0	3.357
-45.0	3.511
-50.0	3.475
-55.0	3.579
-60.0	3.988
-65.0	3.911
-70.0	3.689
-75.0	3.529
-80.0	3.782
-85.0	3.818
-90.0	4.271
-12000	4.271
