190
4.839553732918024e-05
5.313562338902307e-05
5.833997572411953e-05
6.405406675239973e-05
7.032782267382066e-05
7.721605969468074e-05
8.477896297779112e-05
9.308261250327446e-05
0.00010219956043463856
0.00011220946503479273
0.0001231997866707743
0.00013526655198844415
0.00014844430570741028
0.000162487467121334
0.00017785914283264157
0.00019468501324806844
0.00021310264842030137
0.00023326263283492441
0.0002547010437239894
0.00027772906681515226
0.00030283909883621103
0.0003302193783158054
0.0003584904889128423
0.00038909623147291426
0.0004219567870399262
0.0004555089601471665
0.0004917290564986695
0.0005286538423696717
0.0005680114461867738
0.000608284925810276
0.0006508232969538616
0.000694743072706964
0.0007404724775744936
0.0007882793121551532
0.0008382135397571181
0.0008904728865172125
0.0009457737466094737
0.0010049119221180224
0.0010686795128566642
0.0011374185466416795
0.0012111640305746414
0.0012897847219747124
0.001372847781274464
0.0014598006984244275
0.001549493209563825
0.0016403826496754073
0.0017302393404335986
0.0018166335212119408
0.001895677920892703
0.0019637548030117164
0.0020237154182251127
0.002077367220783973
0.0021261460666025223
0.002171940447677156
0.002217096982746924
0.002264436352738424
0.0023170454191409335
0.002378420032765945
0.0024523797532211423
0.002534621812251503
0.0026245434443517646
0.002722745863126468
0.002830314585613993
0.0029480339846085484
0.0030770599683961637
0.003218685520780387
0.003374359018721668
0.003545788243749915
0.0037350329007784897
0.003944263180193142
0.0041761805277501125
0.004433942583330685
0.004721143827850784
0.005052052351268204
0.00547090140557401
0.005998603689911468
0.006658121499281138
0.0074785818844498204
0.008496290283599384
0.009754618541234711
0.011301647444475269
0.01318201463784342
0.015418182993187667
0.017970385688704432
0.02066556546732839
0.023094349509973376
0.024633940983215134
0.025854734609008216
0.02697772605536206
0.02791671420161107
0.028570943327795882
0.028836483936691675
0.028917862224888048
0.028986197770047694
0.029041483905604057
0.029083739618408024
0.029113009004817263
0.029129360658205615
0.029120388078134638
0.028774648163644397
0.028034737016129383
0.027016352497008917
0.025832906816284088
0.02458295603303359
0.023042115456688675
0.020642430990542943
0.017931937231320094
0.015339340385495477
0.013069776084469296
0.011175787980910628
0.00963359666791335
0.008392121199509635
0.0073966181300765
0.006599301608537315
0.005960127689752868
0.005448433039676008
0.00504036054636861
0.0047136180607181164
0.00442782209553773
0.0041710771220957975
0.003939769572758682
0.003730963034066065
0.0035420426071647924
0.0033706850397814897
0.0032151971800658805
0.0030736961011004664
0.002944783938407633
0.002827213995766134
0.002719864980258751
0.0026217272167653426
0.002532075886731849
0.0024500512870951727
0.002376695907134776
0.002315393006022644
0.002263010564952914
0.0022156377044375395
0.0021703207133856096
0.002124417227534179
0.002075533886728771
0.002021836621636804
0.0019618248913233385
0.0018935260360830682
0.0018149011141360197
0.0017289301798924042
0.0016388959003431581
0.0015480239500767065
0.0014582483768012513
0.0013711169772852151
0.0012878279374216562
0.0012090781158162244
0.0011352507263614987
0.0010665205061652602
0.0010028437274683286
0.0009438409294232653
0.0008886147567171251
0.0008363490375030974
0.0007866347630587114
0.0007388981547929119
0.000693065545607667
0.0006491890019759344
0.0006070967709214763
0.0005663088785572847
0.0005277510378313338
0.0004901850555772917
0.00045493822027082025
0.0004204829159571843
0.00038863712639180403
0.000357720311424275
0.0003290721413386666
0.0003026172918419956
0.0002772400515047223
0.0002539909259331906
0.00023269145315139205
0.00021288292199238737
0.00019434984031202365
0.00017743020471439066
0.00016198355241480456
0.00014788164898505086
0.00013500742378174722
0.00012293703263246546
0.00011191195336972964
0.00010187561094361877
9.273933474155316e-05
8.442240619361939e-05
7.685134562785583e-05
6.995926308078689e-05
6.36852673277419e-05
5.797392791177285e-05
5.277478541815983e-05
4.804190566784499e-05
